 -162  -25 -152 -252  -21  227   -4 -195 -250  182  -37  -84  -78   11  142 -121   63 -125  152  231  -35 -121 -220   23 -149  237 -103 -136  179  223 -213  -95 -152    5  101 -157  -76 -127  -72  244   16 -227  174 -203  251 -126 -219  -60   81  102  -78 -183   68 -177   20  151 -101  233   31  -50   -8  -64  158   25   59  100  179 -110    5   74 -107  236  186  121  -28    4  173 -153  157 -129 -218 -131 -105 -154 -194 -209  -45  181  192   36   18  -54 -216  -39   36 -226  192  -97 -191   60
  249 -201  228   12  -13 -202   87 -227   80  244   49  209 -166  186 -141  229  106  212 -141 -154  221 -143  -26  253   46  -97 -236   59  -64  -82  -67   15 -175 -151  201 -107  -58 -163   65  -78  148 -157  184  233 -126  244 -251 -169 -239  236  158  106 -255   30 -218 -149   16 -188   83 -166 -201 -162   74 -201  146  121  -96 -185  245  -36  133 -255 -111  194 -106 -196  -21  100 -106   62  105  222 -218   82  175  -12   69 -222  151  -31  120 -105  -96  -45   87  242   21  223  -92 -236
  160 -211  179  -72  144   78 -243  210  120  176 -255  -12  100  -91 -141 -123   50 -172 -157 -165 -202 -101 -177  -83   25    2 -220  176    3   95  188  -27  117  124  173  187    0  -41   48  182  -42 -132 -165   46  -80    2 -106 -185   75  -51 -188   14  -40    5 -251  116  224  -59   87   51  -58  149   -1 -104 -108  223  107   18  -64  111 -102 -212  179  154 -148  253   72  -20   36  -56 -229   39  245   75  -52  197  167  -86  151 -132  -92   21 -130 -143 -188 -142  -33  246 -200  127
   96  208 -221    1   72  154   93 -210 -166   51  241 -113  157 -162 -174  -44 -244 -181  245  224  239 -177   92  242   83  202   66 -119  172  -83  229  165  -65 -210  -10  221 -222  -71 -154  236   -5  -79  166  106   62  -60 -149  -75   10 -216  153 -251 -241  116  -45 -168 -237   -2  153  -69  -45  -51 -224   46   60  144  172 -156 -176   43   -6  216 -113  161   70   99   61   15  249  235  -31  -80  253  206  194    9 -163  192 -226  204  -27 -172 -118  176  219 -137  224  -95  153 -199
  -86  -34   19   41   64   92 -147 -246  170   97 -100  -65   38  134 -232  -38 -112   92  -39 -248 -209 -180 -127  197  218 -102  -86   -2  149  179 -193  -12  196  116  -44   81  -48  192   32  102  -71 -208  184    7   16 -236 -115 -183 -168  213   12  251 -144  191  -80  115 -190 -108 -163 -153 -241 -166  114  184  -20  -21  -85   98  248   79 -213  231  107   94   84 -186  236 -117 -119  145 -207   75  170 -115  118   63    0 -210   82 -125  -29 -219 -117  169 -249  -62 -108  -21   12  -22
   11  149 -153   70 -237 -248 -253   98  242 -103  151  -91   30  190 -105  -67 -246 -139  -54   60  -85  135  111  199 -125  190 -104   40 -157   46   -6  217  242  -46   68  104   46  148 -201   81   -9 -244 -242   -5 -177  -71   38 -121  -89   13 -184   55 -245 -254    5 -183  179   85  142  159 -202  -55   14 -193  -57 -132  157  -35  -62  211  -26  -12   91  152   34  -98   80   69 -228 -237  114  208  -84 -147  236 -222   85  183  -80 -138   32 -160 -186  -17  186 -158 -122 -128  175  -90
  203 -253 -201  149  150  -77  -47 -190 -224  -12  126 -202 -148  114  191 -135   32 -212  -85  209  210  238 -171  -94  -57  227 -255  190   77 -201  128  171  106  -40  183  190 -174  157   58  211   15  118  206  124 -220  -88  217  -16  242  -95   12  -77   87   97 -105  125  240 -167   35 -178  -67  206  -80 -153  -75    5  -76  -36 -117   75  119   72  212  201 -240  226  -52  175 -134  -93   91  -32 -251 -133  -96 -168   15 -223 -106 -183   65  202 -229  234  134  139  -73  201   30  151
 -232   90   16  -71 -208   79  -18   53  212 -110  -25 -109  142  -92 -230  186   52 -229  140  -74   74  166   50  -36  212  178  168  -62  243  102   96   90  -14  167  -31 -173 -208 -105 -223  216  -45  -84  215  157   39   55 -218  -82  160 -214  114   -3  192 -142   90  209 -184   30  146 -189  178  113  137  110   43  -74 -197 -169  238 -172 -163   32 -115   34  -11  -52  185 -220 -179  192  105  247  119  -73   72  168 -199  243  -99   42   -7  163  -25 -124   26   83  -37  204  130  -58
   59  -17  -91 -208 -143   84  -50  111  -90  214  -87  -87  164 -247 -143  -27  -24   81 -167  -29  219   12 -238  150   39 -228   43  -13  200 -240  240   55 -191 -114   12  215  144   40 -230 -255   88   -6  214  227 -153  135 -246 -137 -163 -111   89  109  -10  217  -80  234  148  157   45  -57   39   36 -186  199  210   -6  150  -99    3 -246  214  -99   83  138  164   20   49   48  -67 -201 -229  155  101  -40  -12  -40  -32  124 -193 -222  150 -169  129 -187  104  109  -60 -174   78    6
 -244   21  -99 -236  134 -113 -194  218 -213   81   35  246  -34  -60  -46 -168  227 -227 -189  -58  211  225  206  231  -91   92   56 -157  163 -168  -36   48  146  204   33   -8 -250  116  249   52  109  248  -35  -54  -47  125  -44  -32   20  182  -75   61  203  186   19  120  100  -43  252 -112   23  -74  136 -137 -132 -140 -159  237 -207  156 -207  -94 -100  -80  -39  153  132   72    3   52   91 -195  193   39  106  187  -97 -204  137   59  222   67 -185   65  -48   28  164   70   -7 -251
  -75  101 -179 -103  198 -255  -76 -115   83 -233 -190  -86   54   92  122  -71 -146   -7  -68   11   32  156    6  -38  161   31  -50   48 -198   68  173  -75   20 -188  -94 -117  -56  212  201   84   76  -37 -151  119   68   99   51   29  -61   31   33  151  192 -233   16  -80  -56 -134   79  127   32   82  220 -118  108  -21  -95 -161  -18    6 -242 -201 -217  122   53  -55  159  -52  144    9  204  165 -128  215  210  -16  -64   26 -253   95 -138 -212  -68  -82  -94  -57 -197 -237 -203  176
 -220   97   -9 -228 -199  197 -172   87  198  -82   -1  -34 -141  -92  190 -230 -216  185 -169  251   25  164 -123  241 -164  102   85  139 -182   53 -101  175  143  107  -60   10 -109    3   25  114  133  217   55  -55   52  198  108  -96  231  -12  -25 -130  221   -8  -55 -247  192  132 -119  124  198  107  207  -40  113  235  -54   23 -103  222  204  121  -60  108  -28 -169  220  137  240   18 -231 -158  221  171   17  207 -133 -166 -166  180 -245 -125  135  -35   74 -212  -95  -31 -172  -16
 -241 -237 -146    2 -123 -170 -227  228 -114  225 -172   23  181   20   70 -220   26  165  124  144 -198 -117 -248  -75  -78 -170 -181  174   16  -90   67  101  219 -153   15 -187  246 -216  -46 -154  -62  -38  202  165  221  -51 -124   61 -149 -102   83  184 -205  100   93   -5  210    8   15  -24 -157 -230 -121  -69 -185  204 -213   -8  134 -197  180  144  110   77   -3  123  139  -39  -16 -250  185  129  169 -160   54  195  235  141 -143 -189  245  -48   79  202  203   53  121  225   68 -155
  131  120  -31   22  -78   22   38 -188 -203  228   39   26   69 -146 -240 -164  236 -222  227   59 -183  -56  -96  205 -121   -4   49  116  -42 -153 -134  -53  120 -154  -94 -159  156  227 -215 -137   15 -151  -58   16  141 -194 -119  118 -180  211  176   47  -22   38 -188  145  166 -183  138   12  -43   50  -65  181 -175 -196 -154  165  -54 -129  204 -210  -73  -42 -187  233  235  194 -185  -48  112 -234  206  -99  140   74  230  -36 -251   96  -92   40  -37  -59  230   13  104 -252 -137  -85
   18   53 -177  -36  215  -69  -12  -45  -45  114  228   60 -234  232  135 -181  -63   54  -30  102  137 -240  168 -221 -147  -10 -198  -31   38  144  -83   -1  243  151 -186 -113  122 -160 -111 -204  159  -97  213 -227  -25   16 -139 -173 -226  -12 -144  218 -102  202  225  -90   98 -167   87  -82 -246 -228   99  221  -26 -156   84   68  194   35 -227  118 -183 -245   82 -218  -83  -92  201 -227  149  -96  180 -209 -113 -229  108 -224  145 -189 -146 -189  -96   22  -11   12  -48 -113 -202  191
  205   18 -202  -42 -142 -112 -251   43   48 -114 -235  236  237  -89 -214  170 -130 -174   87  145   13  -64  154  164 -225  142  220   68 -174   80   76  -78  -17  202  131    0  -72 -242  211 -228   82 -247   64   55  -75  -61  -97   88 -110  -63 -120   16 -199  162 -122  -74 -161  -52  -90   48  -43 -137  197 -150 -125   99  130  235  223 -101  -86  148 -253  -11  -23   35 -215  -27 -127 -143  220 -173 -131  -63  -53   14   54 -176    4   -2 -192   83 -228   31  -94 -155 -206 -188  103  179
 -182   30  145   58  111  184   30  -99  161  134  -45  202  183 -153  128 -132  -95  144 -242  -68   80   17 -108  -68   73 -139  152  224  118  -58  251  -53  -86   71  -62  135 -138  -98 -222   62 -246   72   73  234  169  235 -108 -108  102 -137  101  -48   27 -152  192  -49  250   85  122   27   80  237 -242  -59 -187 -130  220   61 -152   56   60 -114  -97 -138   30 -114  214   41  -94  195  178   64  -71  -31   76   75  -10   42  187  241   75 -113 -255 -230  -55 -168  138  207    6  116
  232  245 -195  235   21  156  180    1 -146 -175  250  103   78  -93  126  191  131  -91  155 -185  -65 -230   88  -33 -178  222   29  124 -222 -250 -250 -137  -68 -240  -85   96   62 -152  152   90 -188 -235 -107  127  149   50  -55   40  123   30 -152  202 -213 -114 -233 -155 -189  -60   14  155  113   71   35   80   55  204  146   55    2  232   26  -14 -182  103   42  160  143  210  246   58  -56 -132 -205  -33 -208 -252 -254 -248 -171  111   98   58  236   13  198 -241  215  153  -20   30
   24   81   64 -163   92  196 -146    8 -237  229  -15   40 -116  -39   28 -130 -196 -187   87  176  -75   85   69 -246  109 -100  173   12  -83  225   50  211  126  185   87  -56    3  200  234  253 -191   58 -112   69   52   74   67 -202 -120  184  -27  162   39 -180    9   20  147  146 -190  188 -193 -120  -46   32  -80  239  -41 -161 -244  103 -123 -187  224 -113 -224 -192 -131 -196  235   85  -12   47   18 -112  216  199 -250 -175  -41  -72  198 -135  -71  -58  248  155  104  148  226 -113
  141   47  -12  -94  234  -44  100   32  -70  -62 -119  -95 -249 -177   66  -34  226  195  244  -68  -25   83 -170  248  180   26  -41  159 -114   39 -168   69  189  224  -92  -18  177  -44 -159  -32  -50  165  190  141  -77  -22  126   72  105  113  187  177 -119  -90  -13   34  165  -64 -158  -19  199   87   50  187  -35  153   97  147 -173   31  195 -235  218   89  -73 -112  -57    7 -138  -61  -48   37  172   38  212  120  -98  174 -126 -133   87 -122  170  -17  -18  -12 -197   80  124 -107
 -163   -7 -212   64  128 -203 -122 -236  186  -58  224   -4   76  244  240    3  148  -15   42 -120  229 -196  114  -31 -199 -113  192  138  -87 -113  150 -180  136  236  220 -234  190  121 -229  153 -108   89   32 -201 -134  213 -150  252 -239 -145 -214   78  221   73  208  202 -126   90  -19  132 -231   37  234 -169  208  168  191 -101 -230  169    1   89  -92  111  224  -56 -177 -166  -17   70 -195  -94 -254  146  160  -57 -162  -29  217  -86  241  124 -245  213   98  -58  -41   65  202 -156
  164 -195  209  -97   55  123 -243 -167 -251  224   93   41  -17  110  -86 -150  -66  165  160  182  -55  234  212 -115  131   80  -98  -53 -232  -31   33    4  187 -212  -87  -90 -105  -53 -155  -70   -7 -254  205   69  155  -73  101  -32  122  207  -34   32  138    9  206  -59   24  121  213  143  183  241  -50 -223   84  -41  252  227 -148  230  189  -22 -184  -60   43 -118   72   55 -215  -37  113  254   77 -107  -80  243  189  -61  213  110 -149 -180  104 -138 -167  110 -228  213  244 -224
  215   62 -233  192 -186   53 -221 -208  -14  176  150 -110  217  215   12   86 -119   29 -112  -99 -190 -194  -83   48  239 -193 -117  167  -65   72  -17  100  -26  106 -126  -58  -82   11 -250  209 -146   31   -8  146 -150 -199  -26 -228 -186 -212 -209  175 -248   39 -153 -218 -111 -254 -100  241 -165   87  -23  137  -70 -175 -193  193   25   42  -84 -222  249  246   99  -36 -170  -32   38   -9  158   94   15  207  184   95    7  240  -51  162 -251 -151   17   84  136  -10  -95  184  184  159
 -248  182  132 -112   23   69 -202 -205   73   93  232  194   19  250    9  -44 -195  -64  182 -121  134    6  -17  243  -99  251 -205  132 -191  218 -222 -194  -57   24   26  -25  -27   24  -37  219 -192 -177  175  119   80   26   -1  -58  -14   21  -92 -162   97  219    5  -68   68  -66 -236  -31   71  -59 -163 -106 -112 -141   -5 -102 -122   91  -94  -37   73  181  155  150  -67   23 -245  -24    8   -7 -225   50  -34 -210  -92 -217 -185  -64  -33   22  -56 -135  167 -224  -28  -76 -120    5
   27 -170 -136  214  236  -67  108  222  -18  -69 -172 -106  171  -24  226  142  254  -55   89   -1 -121   51 -161 -178  162 -195  161  163   93  162   97 -171  -68 -185  192   86   80  186 -235  162   56 -152   61 -122  -12 -151  -97  158  115   91   39  103  -63  180 -221 -188  -86  204  -79 -119 -113 -106  199  213  112  185  243 -144 -136  235 -128  214   25  125   16   42   69 -119 -190  -25  158  -30 -168  226   77 -117  -36   28  248  158   95 -243  -74  -51 -118   15  153   96  189 -218
  155  -25  176  227 -189   41   60 -203  121   72   42 -191  -51  167  -65 -211 -111 -105    6  -79   65   62 -121  -99 -159   48  237 -212  131 -240 -226  166  227 -174 -177  -85   31 -204  -84  133   83  -80  191  111   59  236  232 -238   33   60  -89  198  134  -25   71   97  -59  168  170   65  249 -190   31 -243  133   -3  185  253  -91 -114 -107 -128  141 -131 -175 -147    6  167  -54  197  -60 -154 -210  101  214  162   77 -136  131  -96 -177 -196 -185  210  -74   29 -119   54   87  120
  103 -187  -74   51 -179  117  211   40 -210  239 -133 -144  145 -114  155   92   16  -11 -132  229  -68  127  165   91  -45  -59  -98  180 -222 -217 -123  188   20   99 -241   -8  134 -118  194   52   -6  -56 -130 -254 -206  190  101  234 -189   72 -182 -175 -174  -15 -254   94  -27  -34   19 -255   74   63  -42  112 -229   60  249  -36  -16  185 -178 -134 -184   90  -56  -19  168  249  148  139  216 -150  -50 -167  223   11  -11 -113  192   91 -174   -9  -10  137  128  120   82   73   77 -241
  140  -35  -29 -130 -190 -156 -237   61 -225 -130 -128  -73 -228 -171  -23   91 -136 -250  160  -57   90  197  181   86  158   10  153  238  165 -111   -9  114 -133 -174  142  157   90   73   12  -96 -200 -222   59    2  -40  175  -94  194  214  110   88  208  174  105  196 -201  -55 -218 -197 -180  -91  -50   79   35  165  -38  206  -61 -163 -251  126  233 -147  240  251  139 -241 -121 -142  223 -208 -190 -194  145 -128  229  203   30 -181  -23 -139   96   98 -204  -32   25 -169 -121  128  235
   38  124   10  -86   34  153  188 -133  -93  110   86   60 -255 -180  247  173 -108 -155   76 -247   96 -218  112  -33 -134   77 -209    4  -53 -191  243  171  -10 -239   73  219  -34  156  206 -161  -65 -238 -177    8   84  114 -248  -87  157 -165   35  -55   72  171 -122 -137  241 -100   21 -125 -218 -106   41  -38 -249  198  -25 -140  -28 -219  229  -83 -171   12  110  103  -28 -217   76  102 -180 -221 -123  143 -216   24  165 -162  250  112 -112  -58  222   99 -145  -91  -91 -215 -237   48
 -186 -156 -230 -223  -94 -237  215  168 -103  237 -110 -181 -143  -98  -57 -193 -152 -197  -71  138 -115   86  117 -227  123 -138  220  -92  143   91  233  -37 -140  203  -57   34 -163   50  -30  -78   83  228 -154  -27 -103   35   65   15 -227 -119   62 -233 -216  -17  -72   43  139 -182  104 -198  -95 -104  209 -232  214  152   21  -21   31   97  -58 -193 -136  -17    8  221  -22  141  -78  134  164  108   33 -153 -240  179  -71 -238  -31   89  118 -193  102  -56 -160 -208  -73  -47   -7  103
  180 -114 -172 -185  -88   83  181 -189   68  145  250  235  170 -215  201  -97  123   68  -79  171 -108   87   50  -77 -194  179  146  148   65   38  -50   61 -150 -247 -109  237  250 -105   94 -237  -85  -46  176   32 -134  -57  249  -87  142  198 -167  -37  197  -87 -109  -93  203   47 -216 -122  198 -219  -79   65   13   73   61   87  122  163  238  -29  -46  138  -37   38  170  248  225   79 -126   23  225  205  -86  -86  126  110   97 -158  185  146   65  -93 -110  106 -207  161 -180  -96
  119   72  -99   16  252 -162  -83  136 -124  238 -217  202  208 -185    9 -251  160  -97 -162  176  247  253   96  253   51  209 -154  111  222 -110 -132   48 -221 -187  -69   15 -194  158  163  104  137 -224 -171   25  -51 -255 -229  210 -236  245  -71 -246   62  232 -144  128  200   59 -111  107   97  -14  -91 -118   99   29  186   92  -14 -103  236   84 -145  -21  -91 -160   55 -206   30  206 -105  108  -44  -51 -117  148  140  -18   65   37   -5   46  -24  -30   48   81   70    1   50 -248
  104 -186 -221  166  -94  223  -37 -235 -195 -251 -231   87  206 -197  -38  153   90   84 -176 -149  -81   36    1 -119  162   93 -172   94  -44  108   44  -70 -200 -188  -45 -197  192  -11  219   37 -224 -218 -117   73  -68   79 -151   27  218  -22  -40  130  124  -57  132  -78  -81  222  -51  172  137  115  -25  -11  219   79 -247  -76  199  -93   60  -79 -241 -243  137 -181  -90   85  185   41 -192  243   43 -138  -85   -4  157 -254 -104 -105   44   80  203 -254   45 -222 -196   71  -91 -147
 -154 -102   19 -191   13  241 -247  -29  -28 -191  133   28   61 -103  106  117  -12 -217 -202  -78   30  -38   -2    1  -65   75 -236  218 -128 -184 -114  -42  -75  203 -189   84  220  -17   91 -188 -112 -247 -233  186 -169 -136  -80  -95  -42   22  -34  218   11  -13 -196  -74  160 -161 -224 -243 -108  211   13  -86  -77  205  190 -139 -204  -51  175  137   76   55  145  102  140  -58  196 -181 -244 -175   49  212  -88 -155 -213  237  -64  148  237  -97  -29 -217  147  -40  126   31   23   -3
   23  149  157   65  116  156  -80  237   15    3 -229 -236  -84  165  245  175 -154 -129 -148  214   35 -178  155   86   75 -169 -101 -236  108   94  167   63  220   85 -184  -33  145   73 -127  -37 -229  254  225 -149  226  189    0 -144  137 -215 -105   74  204 -160  210  210   59  127  187 -217  -54  -40  117  199  -45 -186  103  -30  -11  208 -255   46  206  242  186 -152  120  -72  201 -100  109  -81 -224  -59  -43  134   25  143 -234 -117 -236  -89 -139  -41   34 -107  232 -215  216  175
 -115  157  -86  198  173   21   -9 -121   46   62  191 -169 -134  146   -5 -219    6   30 -250  210  238  -51  107  218  187   42  242  -78 -161  -34  178  199   63  229  224    6 -205   31 -184  -58  233 -158  103 -240 -126  193  -44  -25  250   88  183  -76  240  -68  211  225   84   60  168   15 -127  -52 -223 -212 -168  -14  -53    4  195 -137  216  192  130  249  211   55    2  -15 -110  -45 -161  191 -126 -135  143  226 -144 -102 -137  -97 -182   27 -223 -204 -198 -160 -203   84  110  -25
 -255 -154  117 -202  -59 -110  236   39  218   93  140  192  196  -36  -86  -79  219 -127  -75  255  -50  136   76   -9 -183  194   90  211 -117 -215   68 -246 -218 -192   88  226 -126  254   45 -167   96  -50  109   29  115   49    5  -84   88   -3 -146  132 -102  -30 -118 -210 -160  175 -143 -150  115 -131   27  128 -173    9 -201  186  237  102   63 -106   47    0 -179 -237  220  -16 -242  229  217  -67  254 -192  156  143 -200 -148  218  254  154  -10  157 -164   22 -216  -93   59 -209   11
  148 -154 -147   56  196 -242 -238  135  150 -243   -1  119 -225  -37 -220 -174 -104 -207 -239  163  198   35 -179 -182  -71  -42 -202 -221  221   48   83 -128 -206   51 -230  -76 -234   66  -35  252 -233 -100  -68  205 -144 -115   23 -171 -197  228 -211 -113  -58  124  -48  -74 -130  -86   82  253  183 -129  -14  233   97  103  198  188 -164  215  -81 -199  234  -60 -237  164 -134  149  -32  -51  149  150  -17  -49   64 -101   24 -249   95  126 -132  203  -22 -202 -128 -199  181   38  111    7
   52  167 -105  -13 -168  228    4   20 -143  -10  188   73  100  252 -235  183   91  -11  102 -116  193  -99 -167  -39  201   58  -93  152  167 -184   61   20  -64  225   22   89 -253 -141  127   -1  113   -2   11 -188  249  104 -223   62 -148  156 -204  129 -132  -15 -111  253  228 -143  -67  -31 -253  142 -223   86  167  -87    5  -34 -136  -37  -42  148 -137  -34   37   84  165 -177  -80 -129 -246  123 -238  196  106   94  157   37    1 -122  117  220 -117   54 -147 -105 -204   36   10 -206
 -228  -30  -44 -192 -212  225   83  -35  148 -164   97  115 -163 -120  -21 -204   -2 -179   74  -68  106   50 -182  149 -172  122  199  196 -144  108  229 -100  219  125  -41  110 -198  249  -20  -83    2  135  187   47 -255  -39  177 -253  -80 -154  241   58  182   -8  -62  -75 -144   18  234  227  234 -196   60 -197  156 -239  -55  249 -229 -176  156   87  -74 -229   51 -136 -147   55   19  241   -6 -139 -196  118  247   73  198  255  165  136 -241  -16  202   98 -166 -224  198  -83   86  -57
 -134  -12 -187  -82 -251  108 -165  -81 -239  236 -242  112  201  -15 -196  128 -149  -55  150   69    6  210   80   27   10   34 -250 -141   13  -91  -33  -22  -96    9  -40  -88   15  -97  211  235  161 -154   64 -238 -169 -111  -23  174   60  219 -220   -4  248 -204  147 -241   95  104  -57 -230 -158  211  120 -253  -68 -112   81 -221  108 -239    7  245   70  155  251 -203  167  236 -119   78 -236 -192  -45  164  125   38  233 -175   85 -176   78 -147  201  161  -90  140 -236  -13  -69  226
  217  181  -61  109   96 -184  230 -187 -139  165  252  212   99  -79  178  123   18 -255  186 -163   50   87  -46  147   -5   23 -103  112  107  134  255 -146   95  -35  -10  146  -77  -16  -67   56  162  151  194  103  -61 -118  176  141  118  -55   94  -91   87 -116   75  243    4  104 -126  241  219 -139  110 -124  114 -220  200 -238  -38  158   70  -28 -219 -102  249 -170   69  234 -109 -129 -205 -139   -6   32 -137  -79 -127  168   65  234  176   69  121   72   66   68 -114  -40   71 -241
  246   73 -170  129  122   52  253  169  205 -160  153 -125 -134  106 -185  140   16 -204 -106   -2  208  149   22  210   64  228  108  163  -94   72  -42 -125  139  215  -41  184   16  -90 -183  154   89   18 -218  110  175 -200 -232 -212  104   37 -207 -255 -227 -185 -166  196  178  -74 -191  -99  141  115  145  -65 -180  203  -31   82   27  162 -116  -80  100 -101   76  -22  -18  -26   43 -200 -184 -166   39   60 -118  179  227 -107 -158   77   -6  246 -216   46   76 -105  145 -189  -83  -87
  218  246 -136  107  191  -63  117   73  118 -137   37   51 -165  -80   13  -64  186  141  245 -166  -87  -44   88 -126  -24  -11   49  -28   30   92  -28  -89  -86  -12  141  140 -110  130 -124  244   -5   10 -243  175 -103   72 -165 -119 -234 -217  -60   25  -26 -253   80   41  -48   48   85  193  136  -19 -197  159  180  -65  110  -82  116  -30 -128   86 -188 -155  113  -76  253   94  182  -90   81 -175 -146  -99 -102 -170 -176 -204  182 -137  189  140    7   50 -252 -250  117 -223 -215   80
   99   30  187 -177   57   40    7 -118  168  107  -30   32  -91 -200   60  -77  242  251  138  -53   75 -161   76 -234 -159  172  209  220   10  214  -61  167   34  163  196 -133 -177  145  -92  102   54 -226 -251  -45  109  -62  152  232 -255   39  205 -222  -73 -102  192  105 -197  156   -4  -18  -91  184 -120 -229  -33  115  -67  207  155   41    0  146   58 -221  227  112 -136  246   -6   83   44 -166   79  -39  161  -75  200 -135   64  118  197 -221  163  238  213 -212  -29   99  168 -168
 -157 -197 -168  -55  223 -126 -117   68  122 -228  -73 -202  110 -148    1  -33 -166 -225  239   91  173  -52    3  196  -86   43  -10 -115 -252 -200  103  -33 -249  -79 -244   49   10   69  -57  -72 -226 -178  -53   27  215   73  125  142  225  133  186 -253  -56   60 -130 -109 -208  -16  150 -165  -76  -57  197  -35  111   29  160 -114 -178  -45  -60  160 -151  -10   18  174  -40   94 -233   -2 -199   98   52 -141    6  -62   86  158  216  148   62 -164 -153  -64   99 -240 -224  -99  -98   47
  -81   87 -232  125 -119  214  106 -159  -95  -28  210  -67   53 -121   -8 -199 -130 -199  134   58 -175  -81  -75  142  120 -127  213   41  213   41   82  -76 -159   -6 -100  -34  -10  188  -12  103  -50  151   59  122 -126  244  -33  165 -251  154 -159  -31  238 -163   52 -158  136  -79 -184  185 -144  113 -224  -59  143  191  -93  -38 -255  247 -169  221  255  -79   32  -77  161 -171  225  106  -16  -22 -170 -249   58  -80  175 -242 -160  155  166 -204 -165  -20   70 -149  217  237   90  231
 -248   57  149 -203  -32 -225  241  -15  136  -66  242   19   -8  242   -2  159  217  187   14  -24  -51  105 -197 -232  156  220  232 -243  250  160  169 -227   68   45  114  103  -72 -110 -235 -160  218 -165  253  244  117  -24  206  186  192 -125  201 -119 -168 -116  162  -97  154 -109 -171  159  100  -88  -46  188 -189  -92 -254  158 -194    4 -154   80  252   58  109  173  -63   57  -34   11  -14  152 -157 -228   91 -119  193  231  -49 -232 -157   60  -52  152  -42    9   68 -231 -131  154
  129   66   63   38 -146  -44    9 -229  -81 -198 -167 -181  126 -124 -166  116   69  -19 -213  -66 -178  -16  -47 -202  208  188  -29  -64 -169 -177   45 -100 -154 -103   44   82   82  -21  -91  -74 -157  -94 -165 -149  170 -105 -174  -68 -174  137  187 -190   80    2 -199  244 -128 -175 -171 -161  154   67   97   78  -35    5  186    0  172 -221  -65  138 -149  197  -63 -140  -96  144  181  -28  -67  230  -68  -80   26 -136  118  -11   93 -118 -158   36 -178  -52  -35  -18   10  241   10   48
 -253  113 -255 -173  220 -246  128  -89  -43  138 -170  -28  -60  -42  -27  159  242  123 -159  -95  -52    7 -210   82  -27  200  -37 -125  130 -196  233  -59  -86  -91  185 -130  171  162   70   75   77 -149  -96   39 -136 -227 -210 -158   42   63  243 -223 -238 -252   48 -124 -106  204   70  203  131  178 -217 -148 -208 -102  -54 -206  173   75  162  163  -16  -23 -233  165  -34 -160  234 -211 -219   31  -11  236  -14  129 -242 -138 -174  -89 -103 -143  -54 -149  127 -222  139  111   80 -242
 -199   38   62  206  172 -204   74   12  -12   62   91 -179  -68   61  215  131  -67 -203  183  -37   91  172  238   -5  200  -22 -190   53  190 -153  -67  -47   87  128 -249  114 -236   57   52   -6  -53  -96   39 -186  -70    9  148 -147    5   68  255   53   -2  215   12  175  -42   11  -58  -40  -76 -112   32 -170  -58  -68  -47  -43    2 -174 -215 -139 -156 -216   91    6  154  -75  -93   47 -205 -103  -25   91  -79  149 -154  -14  230   11 -165   -3 -127  222  -21  128 -150   24  241   94
  -31  187  165  206  193  126  164  -20 -225 -211  -53  115  200  160  169 -223  185  -36  -99   62 -166   88   81   90 -175   61 -149  -13  222 -153   95  -59 -129  -87  -85  121   46 -109 -200   69   12  -97   77  -44   59  167   58 -185  221  -80  -95  124   56  250  -72  -56  182 -100  -82   36  -21  169  -23  -16  243  -96   36 -167  120   36   80  189 -169  109  141  -51 -211   32  -75 -205   22   55 -220   51  103 -154   -4   78  255 -219 -192   -6 -145 -121 -188 -198 -109 -241  227  220
  -65  241  -57  207   29  100  209  174  -77 -201  223 -231  -30   -1  -75   56   26 -247 -232  -77  245   51 -141  -54  191  136   54 -188  -19    2 -253 -121   36 -182  141 -232   71 -185 -101 -114  107  -44 -246 -238  121  190  243   43   65 -201   12   46   17 -161 -158  105  155  -57  -40  145  210  -17  195  213  172 -171 -248  201  -86  -65   64   81 -202 -239 -188    8   17  188  -72  255  244   79  179    6  -92  226 -104  117 -225  -31 -193  123 -177  170 -209  -88 -110 -201  216  240
   49 -187   33  171  111   20  -86  -46 -147  -49  155  225    3 -185 -115 -204  -65  -45  208    0   -4  -55   61 -170   58   84  129   97  245 -186   68  164  -51   -7 -198 -127  255  173 -230 -203   79 -171  -24  219  -39   86  -33   60  -68  112  172  -46 -237  155  178 -150  125  224 -178  -15   53  242  -43  164   24  121 -154    2 -147   16  -97  236  214  250 -214  181   86  188  186 -208   -4  220 -178 -149  -18   73   84  174  -82  233 -247 -160   39  244 -246  -99  -55  115   56   77
  -18  169  184 -198   -2   53   97  -59  -14  169 -209 -173  183 -140  230  -38  135 -165  174 -227  234  133  141  -47  -51   95 -164  -15  -83  165 -181  -85  190   23  157   40 -131  -74  169 -191  110   -5 -222   25  -35  149   27 -165  221 -219 -135  236   80   33  184  165 -224  -92 -161  116  247  -15   49  211  186 -243 -202   51    1   70  152  121 -115 -149  -86   59  213  196  -68 -132 -173  101 -224 -136   92  206    2   18  142  241 -141 -169 -217  -14  223 -151    3 -206  189 -198
 -197 -150 -139 -167  151   90  -91 -248 -206   10   69  254  179   39   36 -154   78  155 -141  221   80 -106 -120 -159  242  216   96 -110   76   20  253   85  141  -92  -79  180 -191  133  223 -180 -213 -108 -178  211   -2  -25 -186    4  -31  223 -154   79  -44  -86  134 -174  207 -162 -104 -142   62  -69 -204  110   98 -211  109 -227  -38  -71  182  -48  169  209 -177  121  -98 -217 -110   10 -246  -50  -83  125 -140 -105   45   71  146 -195  122  230  101 -195   -4 -164 -241   65  245 -141
 -188  -44 -182 -215 -242  209 -195   71   99   43  -13  -61  140  227 -102  197  -74  -30  219   10   -2 -231  130   23  -12  -14  129 -137 -124   40 -181   11  217  -56  -89 -158  190  160  255   82  135 -240 -157 -255  236  116  246   30 -120  197  145  154  112  121   17 -140  201  100  151  -64 -188 -154  -29  -12  -46  129  122   35   70 -115  209  -30    3  114  246   36 -106  129    2   12  222   -3  -98 -146 -177 -251 -118 -103 -161  171 -215  101  -93 -246 -117   86  -23 -217   60  150
  -16  -64  -70 -128   30  250 -233  -62  -15 -235  -34 -102 -204  -61  -71 -121  181  111  243 -179  171 -145  148   87   70  189  236   53 -140 -139  101  -67 -185 -134  -84 -246  248  122  182  210  138 -196  124 -224  148   -2  186 -102  214  -69 -124 -111  131   56  -44 -246 -212  216  203 -204   27  143 -246 -199 -221  -44  -98   44  -67 -109  117   74 -184  -57 -143  -24  138   41 -172  179 -226   79   28 -210  142   40  -98 -224  192  -49   79  215  222  253 -219 -227   11  230 -104 -129
 -191  234  -77  137  144  -99 -132  183   33 -216  219 -113   15   99  167 -191  -11 -139   33 -152   42  239  250  118  153 -183  249   91  142  252 -222 -191  234   25 -149 -206  -95  137 -193  -23  166  240   21 -195 -193 -179  124   74 -216   95 -147   23   72 -148  189  164  -52   62  165 -148 -239   33  195  118  206   34  -18  105  -81    5  228 -180  130   -1 -241  -51  -16  198 -236  154  214 -112  184   48 -104 -191  192  222  122   84 -202 -228  168  183 -154 -113 -175  208  -77  -89
  -22  170   76 -184 -250   42  221   31 -210  245 -202  238   18 -191  141   53 -146  178 -216  -16  107   65 -160 -147  199   51 -172   55 -158  102  185  -76 -121 -176  252 -156  172   77  207  -94  -28  102 -213 -164   42   63  201  109  -32 -125 -153  159 -243  194 -146 -174 -227   73 -253  202 -178  -31  152  245 -233   61  164  198  -66  -85  -62  -45   55   44 -176  249 -226    1 -184  163  -46  133  -14  -47   80 -219 -191 -186 -205   95   -7 -220 -124  211  -68   56 -144   99 -151   72
 -117  113  204  -57 -198 -216  -91  105  -36  -40 -172  244 -111  254   80  -95 -216  178  114  -96  230  -12   69  233  147  242  201  -17 -249   98 -179 -121 -136  -33   89   92  147  161 -227 -160  176  236 -218  195   -6 -180  194  179 -234   25 -244 -155 -179 -172   35  249 -120  184   51  212  207 -235  121  240  207  154  139 -169  114  142   -4 -224   60   59  202  226  -88 -229   94  154  225 -156  241 -162  210   62  -43   35 -137 -215  122   66   99  -81 -100 -198  -65   53   -5  138
  157  135   58  130 -225  -30   10  128    9  169  121    1 -112   85 -144   61  -77 -128   12   23  116   65  110  142 -142  234  245  -39   79 -110   -3  147  157   84 -181  204  218  -94  -56   60   -4  155  107  116   -5 -135 -110  -53 -230  240  223   30 -178 -110   61   66 -130 -156   86 -211  197  240  182  -94  -28 -230  190  159  107  210   63 -242   -1   22  198  120   43  148  117  -22 -253  215  255 -114   67  -94  170 -109  244 -160  232  -26 -121  138   51  202 -222   12 -170 -104
  238   69   39  -46 -139  -75  141  158  209 -112   91   44 -202   -4  247  253 -199   35  167   91 -209  227 -235 -160   32   -9  100   73  157 -213 -136   59  197   27  228   20  196    1  113   52  -50 -146 -180  161 -231  -76   35   -6 -202  181  -13  -79 -130 -105  123  -21  210  -95 -231    1  209  -73   13  199 -133  151   -1 -212   25 -179  135  242  -41 -243 -190   95   44   78  -53 -228 -253   74 -131  -42 -221  152  -38  100  116  216 -162 -239 -113 -142  118   38  150 -189   27   -5
  136  229    2 -247   64  153   99 -120 -196  252  -53  -33 -110  -98  113  192 -142 -190 -176   40  149  227 -158 -242  203   68 -238 -242   13   37 -184  175  201 -170 -113  -44   40    3   87  -98  -19 -157   51  -30 -228  -59 -239  -38  -91  -24  248  -88 -178 -155   81   94  147 -124  243  -87  202 -100   -4 -228   88  225 -188  189 -246  243  227  141   92  -13  143  221 -195   62 -111 -121  -39 -119 -129  187   66  128  219  -20  212   29   93 -139  213 -169  243  200 -133 -216 -207   21
 -104   -4  140 -221  229  196 -187  -90  -61 -150  -37  227   92  -31 -252  246 -109  141  -25 -236  132  -97  134  -39  176   69 -179  -61  121  -87 -188   72 -161  -50  252  -86 -130  128  151  172  221 -126  124   66 -117  -32 -151   71  150  155  -95  104  -27 -128  232  -81  122  -93   74   35 -138  103   20  255 -228  107   36 -103  100 -208 -138 -223  104  -71 -140 -252 -160    2   62 -158  -56  133  -10   40  -30   99  100  127 -180   50  227 -255   86  211 -103   24  -60    6  135   37
   59 -226 -241  113  -42 -106   32 -240 -115  -29 -192  -25   74 -105  209 -173   56  145  162   -4 -175 -186  -31 -190  -27   96  -91  210   29  -84  212   60 -100   48   23 -114  222  163 -225   62  217 -209 -102 -127   84 -134 -234   43  181 -213 -118   20 -202  -74 -176  -84 -234  -43 -164   35  252  204   41 -218   90  101  -21  -81   -5   49  -89  244  130  -10  -14   95  -97  206  -36  206 -212  167 -141  254   35 -238   41 -167  -92   71   12 -234 -152  198 -231  -95   -7  -87  -62  -68
  -93 -171 -152 -232  136 -137   72  -35 -135  233   47  115 -136   89   46  104   26  122  114  228 -192   34   47   -4 -208  229  -31   97  -84  116 -252  123  -35   39  184  239  -25 -218 -140 -214  -16   80 -244   52   88   61   23   66  253 -239   73  225  -50  102 -111 -228  255 -122  -21  184 -174  204   89 -201  247   98  189  223 -100   95  -20  126 -206 -248  211  140  -95   78  218   51  118 -126  136  -70   75  163  203   35   93  133  137  -23  151 -219  -10  -47   12  -86   73  247
  -80 -140  -65 -139   -6 -101  -40  108  106  183  -40  192  159  -70  -72 -228 -116  215  167 -125  -56  198  170 -123  231 -207  -83  -81  251  129 -177 -147  -28 -200  243 -104  143  -41  165  -68 -164 -192 -224 -161  167 -110   81 -223   86   17  237  -11 -246 -170  144   88  171  -89  -43  195  -29 -224  202 -196  -29 -192  250   67 -207    5   81  -77  -99  211   45  177  243 -165   60  -17  -39  136 -156  -55  208  105   59  -53  220 -223 -175  192 -252 -142 -116  -29 -101 -253 -104   23
   97  215   50  165  -60  -28   43  161  137  212 -212  -91  175  103  108  -97  135  154  103   58  138   15  -83 -222   22 -235  -92  121 -213  225  231 -253  134  164  -57  109   20  206  229  136  248 -223 -214 -229  170 -245  251  158 -222   10   49   93 -114  -70  155  -33  -15   35   35  222  -71   88  108 -211 -120  -20  127   29  158  104  238  228  233  112 -202 -139  -67  179   49  250 -213  -80 -214    3 -153  201   83   46  185  214   -4  -59  191 -200 -238 -198 -236 -207   22   30
   10  203 -158 -218 -138 -243   80  -32  208  -11  -64  213   22   24 -248  145   15   -8 -235 -209 -182 -179  107 -224  166   -4   92  208 -166 -132  -68 -145 -212  -54  106   -8  -38  245 -192  164  248  -59    8   43   94 -239   16 -191  -93   59 -138  105  112  -46  187  167   93 -116 -143 -209  -70 -237   17  234 -119  237  -72  108  156 -209   22  118  122   81  -59  175  214   95 -101 -153 -176  161 -116  201 -173  -15   39  232  186 -193  131 -253  209  185   85 -214   82   87    1  -64
  242  199 -132  134   21 -196   28  190 -165  205  127  -39  -32   96  132 -196   70  160  247   61  229 -229 -221  138  -62 -213  -54 -134   46  163  -16 -104 -244   29   95  -98 -143  -81   38 -203  250 -128 -142  -28  117 -177  126 -107  215  180   19  -14    4   88 -126  244 -107  132 -234 -167  -67  -60 -168   64  -67   51  157  189   12  239  147 -203  176  244 -127 -222 -143 -126  249  126 -161 -111   74  -33  -11   37 -234  -86  -84   96 -224  -85 -177 -140 -108   28   -3   35  -97  255
  161 -127 -219 -244  108 -255   23  -94 -112 -230  -77  -76  128  157  -20  110  -81  -39   80  243 -204  104 -227  247  162   15   64 -110   18  190  141   20 -213  -41   -4 -226  -78  -70  -12   18  113 -144 -176  -82   11  -39 -151  134  -69  171 -172   99  167   27 -134  192 -116 -144   -2 -122  224   78  206  -37   77  -92 -164   37 -161 -252 -229  173 -173  -93 -191  -44  164 -124  246 -187   -9  -41  -37 -101  -89  -45 -152  168 -171  119 -165   92  244  -78   95 -255  -76   35   15  -39
  117   63  164  225   11  254 -165  -32  247 -103 -114 -137    0  -49 -247  -12  -29 -212   79  170  153 -187  146  -73 -159   87  183 -110  189   31   23 -107 -213  -50  247  -80  -81  -30  188   -1  -58  178  -53   98 -243 -133  -59   60  -11  138  -32  234  -98  212  136  124   26  -52 -164   18  184 -226 -189  -17 -129 -137  -85  111 -214  -62  -20   73   -9  186  101 -205  231 -101   95  118  197   12   71  -94   11  164 -151 -143 -145 -183 -233 -176   49 -152 -220  118  184 -129 -139  -42
  -58  123  -91  -39  -39  109  141  182  239  193  179    0   75   19 -204  -82  219  -87   59 -123  150  -41   67   90  154  -72  233  192   70 -142  186 -170  -56 -145  160   68  157 -131  119 -195  -91 -170   12 -243 -143  194   65  172    7   21  -92 -140  220  139 -170   48 -118 -167  156 -228  -59 -106  178 -232   66 -227  199  203  215  -15  253  115   88  245    1  216 -162 -198  230  -48 -165 -114  116  125  -92  -54  147   21  116   95 -119 -173   36  175  -71 -114 -129 -197  144  -94
  253  221  -54 -107  -93  116 -170 -145   46  243  148 -180 -188  169 -161  -50  162 -189 -243 -190   -6   33 -233  127  112  -10   55  169  -27 -175 -242   30  227  207  246 -253  -81  137   56  133 -182  174   41  235  -77  230  112  206  130 -230  191 -112  209 -140  -41   29 -159   83  -40 -152  -91  181 -243 -248 -192  134  125  166  -84    5 -230  172  -67   66 -153 -112 -247  132    3  -78  135 -240   90   95  108  212  -29   -6 -229  -41   75   76   17   47  153   25 -239   22  233  183
  214   87 -240  -67  136  134  193  235   -4  -85  -59 -142  156 -172 -125  133   62 -193  -57  211 -128  237  -90  166 -182 -153 -118 -206 -251   29   60  -67 -172 -175  -60   40  203  -52  -25   99  115 -136  -90  237   36  188  -52  -66 -153   89  197   -4  132 -141  161  -81  -83  148 -100   37 -205   19  -38  -77  251   33   42   12 -108 -107 -196   41 -203  -88 -129  -82   45  -24 -105  107 -169  161  255 -192   43  -46 -207  132 -181 -234  220  142  181 -190   46 -165 -122   62  -82 -225
  109 -232  -59  -63   47 -170 -105   69  251   81  205  -79 -118  227  -45  215  176 -121   77  104  219    1   21   66 -133   77  130   51  237  132 -153  -97  203   31   67 -155  241 -154  154  159   54 -236  106 -202   40 -115 -185 -156   67 -167  159   13  100 -215  205 -178   16  -69  170 -118 -167  -59 -230  227 -101 -196  -61  -23   12  147  -16  -90   98 -153 -192 -244  173 -148  -70  -77  -93   30 -102  209  145  217    1 -117  -15 -142   72  235  236 -155  247  -96 -113    8 -121  -17
   62  -24  239 -108  -76 -245   87  167   14 -218  -78 -169 -108 -155  -82  -28  -47   93 -129 -179  -19 -245  126  -32  184  -40  -99  215 -160 -255   82 -111  -68  -74 -114  196  -75  207   -5   -8  123   57  176  211 -142 -217 -229   65   95 -182   90  109  -58   35 -166  115  190 -136  -68 -101  144  -37  229 -157  142 -231 -117  121  197  176 -223  230  -60 -232 -127  -87 -115    1  -29  181 -209 -239   11 -186 -147  178  103 -114   63 -244 -113 -246   -6  -50  -99  -51 -126  -37  -89 -193
   -7   93   69   51   41 -228   72   56  -46   29  147 -155 -198 -143  -69  138  172 -219 -249    2  224   75   94   30 -133  -64   96   -1  238 -223 -150   43 -158   43  -63 -173   61    1   -1 -102  -76 -217  249  -39  125  251  141  114  191  -25 -254  -67  229 -138   56    7 -130  134 -204   55 -208  219   49   29  100  -52 -207   16 -185 -141  -87 -253  -79  217   71 -148 -138   76   36   27 -130  247 -124  127   82  -87 -109  137  188  254  -39  117  -48 -111  250   29  227  128  120  241
  108 -245  181  -21   34  233  -47  160  -68  109  181  250  126  -52  143  -95 -159  211 -113   -8 -157  131   31  115  -87   74  216 -246   52 -207  241 -114 -215  -22   95  -78 -192 -241   -9  -74  225  155 -134 -185  150 -205  -14   21 -254  231 -152  -18  -88  -97  193  -56 -146 -201  242 -176  -94 -142   48  142  -23  250 -106  -73 -175   85  224 -228   60    3  101  253 -221   76 -228 -175  -29  -91 -175 -115  -95  -53  225  -20  191 -183   81 -102  236  -44   70  222   -7 -204   37  209
  198  -35  143   75 -203  -25 -180 -140 -171  -43   33  -83  250 -194  -92  122  208  156  192  100  -91  -33  255 -194  204   32 -203  241   28 -244 -143  228  -51  -71  -38  -86   53 -105  167  238   40   49  169 -246   65  134 -138  162 -148 -160  199 -169 -224   43  228   66  108   71 -198  -90   36  133  143 -125 -131  148  138  -43  126  226 -185  193 -109   70  230  219  -84 -134 -242  114 -170   57   56  105 -215  139  -35  -62  190 -167 -229 -191 -253 -211 -251  105 -204  164  -28  -85
  134  -58   17  147    8 -173  220  -33 -101   70   95 -252 -164   57   35   50  230 -164 -128   50  212  -49   85  210  -51 -172  226   27  -96  244 -220 -102  -30  -86  177   84 -212  209  -10  223   57 -229   -7  -39   60  -27 -224  208 -157  103  206  120   23  108 -116 -112  114    8  170  140 -240  -17   91   -4 -191  227  120   85  110  168 -143 -247  168    6  -34  184  -50   98 -159  117  -12  119  -57  126  180   58  106  -42   53  -84  239  -38   15   62  214 -246  200   37  187  177
  254 -187  244   51   33 -118  197  -98  183 -231 -133  250  201  142 -139   26   89  -19  -85   71   -8   85 -124 -208  -45    3  188   70 -131  195  215 -252 -205  109  132  109 -206 -134  185   25  208  223 -152 -249  140  147   44 -166 -162 -109    1   73 -178 -222  241   -9  -79   97 -213   96  -41 -254 -216   99 -128  185   57  101 -137   35   97  112  123   81  -92 -175  170 -129  160  208  -89   72  216   54  -67 -227  -12    8  244  235  247 -172 -134  162 -161   23  -40  129   60  166
   69  -78  -60 -228  100   23 -230  212  251  -67  207  -88  142   26  -11  241 -245  225 -150  -55  141 -204  121 -248 -222  -57  173  -52  247  193  244  211 -229   72  250 -219  137  104  -15 -241   58  158 -212 -104  -39 -186  121  158 -136  135 -248 -236 -190 -244 -151 -141   91  -47 -205   90  150 -122   14   99   33  207 -250   35 -146   80  137   64  161   15  -38   96 -101  234 -110 -242  -17  -56  242   64   -8   31   16  119  -19   53  130   33  156   -5   76 -198  -95  -67 -254 -149
 -233   37  152  221 -116  -55 -236  -18   75 -166  176  192  -72 -221   37   32  -60   62   88   20 -162  116 -169  -91  146 -161  153   71   70  137   14 -250  -67  218  159  -52   59  226   13 -231   82  -76  102 -230  -34  207  130  -38 -129  181  191 -229 -138 -104 -151 -255   76 -174  -10   11 -194    1  -90  -44  -75  -70  161 -225  163  167 -133  203  -80  165  112 -231  175  169 -244   96 -150  -27 -145   46  195 -240  107  196  103   32  195  -66   77  215   55  143  -70    4 -113 -184
   18    1  -72  -19 -158  -79  234    6 -138  185  155   -5 -207  -64 -187    6 -186   89  141 -166  152    3  162  170  -83 -141  -11 -126   70 -108  202 -222  123  240  -49   96  135   47    0 -150 -180 -255  -92 -176   90   63  -90  218   34   98 -149   -1  -89  -18 -238   89  244  133   69 -119  174  155   26   67 -160  -20 -255  -50  228  -47 -197  167   75 -159   29   52   62  184   19  206 -196  244   81  222  165  191   53  -37 -112  118   25 -223 -122 -181 -191  144  -92   66 -140  113
  -98 -153  -54  226 -179  154  142  182  202   40  -34  192   49   48  -77  -40   58  117  146  -13 -141 -115  205   49   16   87 -213 -148   11  178  -90  161  244   47 -181 -118 -101   17 -184  110 -141  135   72  241  -36  172  -64 -164   13 -192 -206  -11 -142 -193  -74 -116   39 -161   30 -215 -236  251   -3  176  113  -83 -169 -145 -190  -55 -214  -87 -184 -229  232 -177  247   62  -32  123  237   12   14  -16  111 -198   40  123  -53  216 -237 -137   17  238 -252  213  205 -202  -44  -21
  -25  212  -55  230 -235  158  151   90  102  -78  166    6 -227 -166   49 -169  138 -112 -107    0   85  214 -211  -39    7 -194 -149  131  134   73  106  110  -53  -73  143  -28 -148  -87  149   69  255 -248 -152 -128 -208  -24  157  176  185  219   83 -179  124  140 -255  212   23  248 -202  -78  200   51  233 -189   77   -4   18 -241 -251  248 -235  116 -254 -220  -89  222  -51  190  -45  -42 -180 -242 -140   68 -163  254  186  157  226  254   17  222  139  156    9   35 -126   92  -37  211
 -121   64  238 -217   67 -171   90  152   52  179  103   82  179 -179   61   98  219  -94  -85  -83   95  165  -48    7 -195   33  160  139  205  -32    3  159   14   67 -183 -179  244    5 -107    9   -7 -133 -202 -140  -32 -219  -96  -35 -229  -58  -87 -195  197  192 -131  -79 -111  239  240 -223   94  118  103 -115  -79   85  207   35   12 -202    7   43  225  -24  -43   29 -198  181   46 -167  152  -68 -171 -156 -157   52   81  -17  -60  119   22   78  117  173 -202  130  190  -28  195   10
 -226  125  253 -239   96  -45  -26  -21  128  178    6  -80  -89 -156  177   77   32  202 -125  127  158  192   89   98   72   48  198 -104 -207  -82  141    7  229  127  -14  -49  186  -45  105    6 -221  123   38  102  -35 -206 -138   46 -185  105  -75  207 -179  -91   -2 -223   15   -4 -139  -61 -162  252  191  -41 -114   65  145   33    0  245    6 -164  190 -153  190  -36  157   60   57 -143   67   29   47  254  141  115  222  247  185  203  128   26   17   60   73 -179  142 -144 -128   72
  204  195  133  -56  151  -57  -26 -177 -179  241 -178  208  216   94  -28  158  249   93 -245  245    7   16  -40 -177   30   12 -143  -29 -212 -108 -157  -74  128  -85 -120 -150 -146  149   26  -48  -91 -177 -121  164  247 -255 -201  203  204 -209  -94  -51   63  206  187 -156   86   22  141  190  132 -155  131  247  255  -44 -217   45  185 -214   13  -15  152   76  110  206 -152  226  171  229 -138  113 -146  -42  143 -109    9  -64  -50  -14  -64   -8  212  -20   45  -22   37 -164  -88  -88
 -240 -119 -247 -234 -100  224 -151  157    1  -76   27  118 -158  -88  217  235 -137    2  184   28  236  -38  103 -117 -195  128   11  254  134  -94  131  -77   63    0 -139 -243 -245 -177  -71   25  178  -63  137  183  -66  147 -110 -235  170 -120    3  134 -190  227   73 -203 -153  -50   32  103  -59  124  191  -43   50 -193 -106  -43  251   53  -48   48 -163 -233  207  210 -216  -36  154   91   -4 -224  143  111 -118  202  165   46  196 -205  152  -29 -245  -89   64   33  249  127  221  229
 -185 -225 -152 -213 -193   16   55 -195  -13 -199 -234  203  -89  249  119    8  -19  -81 -255 -108   17 -113   -2   -8 -247 -253 -196  120    6  -53  229   78  205 -151  163  -61  129   89  219  -65  -48  -76 -127   58  -32  161   52  233 -162  254 -174 -185  218 -151  196  198  -86  214  -25 -242  168  -10 -230  151   33  201  134   72  -25 -255 -119  231  121  201   72  -54   99    0   77 -178  149  250  180  -69  -75   24    4  -63 -198   98   52 -253  -45 -168 -227  -17  -11   40 -226  -84
  -39 -230  149  -52   14   76  211  210  150 -100  -84 -129   11 -145 -147 -221  227  202  153 -248  169  -29 -201  196   91 -246   47  203  151 -251   43 -142  233 -209  135 -164   59  -44  167 -102 -251 -130 -206   81  106   45 -247  172   70   60  122 -182   44 -216 -145    2  172   79 -166  -35 -128  252  -67  233 -217  247 -155 -184  104 -188 -147 -183  209  -68  -16  147  152  -52 -229 -187   28   11  100 -230 -195 -169   62  -63  -98  251  134 -238 -171   20 -248  220 -182  -18 -182  110
  107  164 -145   11   12   58  -12  118    9  -20  133  151 -207   68 -230 -199  165 -198  122  -34 -206  -16 -127   87  224  211  -75 -218  235   60  -61 -189 -144  126  149 -191 -186  -92  -69 -150 -125  148 -127  118 -127 -186  166 -155  -35   -5   25 -129  149   21 -188  127  -72   73 -234  -25   17  140  124  -40   87  -19  100  155  116  -46  233  122  -12   71    8   87   -2  -93  133  114  122 -227 -149  -75  213 -235 -230 -123  202  211 -149   74 -120  232  211   71  -52  -31  -18  -33
   -3 -120   78  -27  -31  131  -50   81  -74  111  -26 -181  222 -108  118  -33  -86   49   41 -126 -247  -27 -145 -177 -217   89   12  237   36 -142   40  190  -13   83  126   40  110 -249 -118 -105  224  172  250    3  182  -63  210 -240  -13 -232  135  170   74 -190   40   78  198 -204   47 -123  150   10 -155 -224  223   -4  155 -211 -140 -114    0   27   11  149  234 -252  112  241  212  -15  -78  -91  -30  -71   62 -193  -35   22 -223  223  150  237  243 -182  213  157   15 -246   11   61
 -101 -113 -223 -249  137  141 -148 -164   77 -163 -153  236 -118  240  217 -179   87  217 -178  -26  -35 -193  -20   69 -121 -230 -231   22  247 -139  111  244  -77  -58   36  120 -224  -34  -55  -83 -250  139 -202  142  145   85 -228 -178   30  161  -70  203 -237 -193  186 -161  -90  253  -68  195 -105  128  209  168  159  -49 -199  -75 -129  -20  210   44  -86  -88  231   50  246  -20  184 -241  114  177  103    2  245  -44   35 -169   55  -49  -12 -208  -23  -22  -12  -18  165   60  -44 -110
  168   86   66   -4   48 -198  -47   49   14 -255 -210   90  100 -243 -244 -196  -90  174 -180  -61   51 -175   82 -235 -201  158  -15 -209   85  -87  149  241  120   16    3  -59 -138 -102  -13 -230 -212  -14  -33  100  157  216   82 -167   28  235  130   11   79 -160 -231  182  111  -18   78  207 -196  227  -61  140  213 -251 -127  161  -39  188 -218   80 -208  163  -76 -195  -88   86 -225  -28   77   62   98 -118   92  206  -72 -144  190 -177  147   50  116 -154  127  -37 -204    2  140   88
    1 -164 -111 -215 -239   69 -121 -196   90   64   55 -245  154 -234  196 -136   41 -170 -122  248  -23  164 -110   54  -78  211  121 -124 -204   98  -58 -211 -183  -88  213   96 -221   57  -44 -147  179 -245  -69 -130  207   52 -160 -114 -150 -175   20   96  120 -149  249  123  -94 -203 -238  108   25  207  202 -135  162 -206  -67 -192  -39  161  130 -220 -129 -137    9   57   98 -159 -233 -161  138 -130  118 -133  -10   -8  -73    9  -59   -6 -236    0  155  127  -86  161   91 -218 -240  219
 -191  187  235  176  131   17  178   17 -250   67  177  -89  200   25   25  -61 -239  -18   41   93 -184   15  124  225  -91  -85 -241   88 -158  141   81  238 -102  -47  116  238  -87  -24  115  184   40 -172   19  -47  251 -114  240  244   87   72  203  193  108  156 -158  220  162  141  233 -195  -34 -240  202 -153  -83    8  178  174 -138  121  -23  -99  223  199  -42  120  101 -163  167   88  -47  -15   31 -185  230  191   -8  154  164   51 -124   46 -108  -45  -55 -252  -89  167  180   69
