 254 252 254 252 253 251 254 254 254 250 250 252 254 254 254 251 251 252 250 252 254 252 253 254 251 250 251 248 252 252 250 249 250 248 247 243 248 250 252 252 250 249 249 219 195 211 209 203 194 181 213 205 148 193 236 251 251 249 249 243
 249 254 196 220 221 221 241 242 243 248 249 250 248 251 251 248 250 251 251 252 252 253 253 252 253 251 252 249 251 251 243 249 233 244 214  81  52  25  23  21  22  28  38  27  37  77 187 188 190 192 192 192  21  33  25  19  22  28  29 254
 253 254  39  31  33  33  32  34  35  29  30  32  25  26  27  22  22  23  20  23  27  24  22  16  16  19  18  20  40  11 181 197 186 199 193  34  27  28  34  37  34  33  32  30  26  24 195 192 190 184 185 194 184  34  44  32  33  33  31 252
 254 254  32  34  35  35  31  32  33  30  31  32  37  33  28  39  34  30  31  30  29  32  32  32  31  37  26 126 194 185 192 184 188 189 189 104  29  28  28  28  36  35  33  33  34  39 181 184 192 195 188 200 183 129  38  33  31  27  24 250
 254 254  31  32  33  32  32  32  32  32  32  32  32  32  32  32  32  32  32  32  32  32  32  32  31  18 204 178 195 195 198 189 190 190 190 155  31  32  32  32  32  32  32  32  32  31  64 191 184 190 190 190 198 194  35  30  33  31  24 249
 254 254  41  31  32  31  32  32  32  32  32  32  32  32  32  32  32  32  31  31  31  31  31  31  43  32  21 186 185 197 199 190 191 190 190 213  31  32  32  32  32  32  32  32  32  32  23 191 198 189 190 191 187 185  16  30  33  31  25 247
 252 253  48  31  32  32  32  32  32  32  32  32  32  32  32  32  32  32  32  32  32  32  32  32  41  33  48  21 201 193 190 190 189 189 191 194  33  31  32  32  32  32  32  32  32  33  40 194 197 189 190 191 187 194  82  29  33  31  24 249
 254 251  50  32  32  32  32  32  32  32  32  32  32  32  32  32  32  32  32  32  32  32  32  32  32  32  32  32  44  85 195 191 199 186 188 187  29  34  38  32  32  32  32  32  31  32  35 155 193 189 190 190 181 198 195  36  29  34  25 249
 254 251  50  32  32  32  32  32  32  32  32  32  32  32  32  32  32  32  32  32  32  32  32  32  32  32  32  33  51  29 172 194 184 189 189 198 136  37  25  35  32  31  32  32  31  32  31  50 190 189 190 191 191 193 203  36  29  34  25 249
 254 251  50  32  32  32  32  32  32  32  32  32  32  32  32  32  32  32  32  32  32  32  32  32  32  32  32  32  42  19  28 185 193 187 192 188 196  58  37  22  32  32  32  32  31  32  34  23 193 189 190 190 185 189 184  35  29  34  25 249
 253 251  53  32  32  32  32  32  32  32  32  32  32  32  32  32  32  32  30  30  30  32  32  32  32  32  32  33  33  33  31 194 186 193 189 190 191 157  38  33  32  31  32  32  31  32  36  41 200 189 190 190 180 198 189  24  35  34  22 244
 253 252  56  32  32  32  32  32  32  32  32  32  32  32  32  32  32  32  32  32  32  32  32  32  32  32  32  32  32  32  31 200 185 185 189 190 190 185  33  31  32  32  32  32  31  32  27  24 192 190 190 191 187 190 181  24  35  34  22 245
 251 254  61  32  32  32  32  32  32  32  32  32  32  32  32  32  32  32  36  36  36  32  32  32  32  32  32  32  32  32  32  49 191 198 190 190 190 201  32  32  32  31  33  32  31  32  29  42 190 190 190 190 191 189 190  25  35  34  22 249
 251 254  63  32  32  32  32  32  32  32  32  32  32  32  32  32  32  31  20  20  20  31  31  31  32  32  32  32  32  32  32  20 201 181 190 190 190 185  34  35  33  31  32  32  31  32  30  29 198 190 190 191 188 195 203  25  35  34  23 249
 248 251 104  28  32  31  32  32  32  32  32  32  32  32  32  37  25 249 245 220 217 235 236 241  72  52  42  25  32  32  32  34  94 193 189 189 190 186 135  37  32  34  30  31  32  32  31  38 213 190 190 190 183 185 166  31  33  37  18 252
 253 250 123  28  32  31  32  32  32  32  32  32  32  32  32  27  82  91  35  33  80 101  12  44 251 250  21  33  32  32  32  24  20 190 190 189 190 188 178  74  35  27  36  33  32  32  30  30 174 189 190 190 184 195  86  31  33  37  18 252
 251 252 157  28  32  31  32  32  32  32  32  32  31  31  31  20  36  25  26 226 104 249 251 253  16  16 251  11  33  33  31  36  31 200 191 190 190 180 186 204  47  26  32  33  32  31  37 208 190 189 190 190 188 191  31  32  33  37  18 252
 254 250 158  35  32  30  32  32  32  32  32  32  32  32  32  27  36  29  34 237  24 252 250 240  38  13 244 126  32  33  31  35  41 173 199 193 192 190 190 190 170  22  40  43  22  75 192 188 196 187 191 200 195  94  41  32  33  37  18 252
 253 254 186  35  32  30  32  32  32  32  32  32  30  31  32  25  31  26  45  27 138 222  85 230 252 234  26  28  31  31  31  36  33  31 195 182 190 190 190 190 185 206 100 193 197 189 201 192 188 182 204 181  21  36  28  32  33  37  18 252
 252 254 203  35  32  30  32  32  32  32  32  32  32  32  32  38  32 100  22  18  26 158 220 116  25  32  18  38  32  31  31  30  32  23 134 192 189 190 190 189 198 184 176 186 191 182 193 195 188 191 186  32  24  44  37  32  33  37  18 252
 251 254 232  33  32  31  32  32  32  32  32  32  32  31  33  28  70 101 112  35  31  32  33  32  36  39  31  23  31  31  32  32  33  32  32 172 199 183 196 183 194 187 192 191 189 190 188 192 186 194  26  36  32  32  32  30  33  31  25 246
 252 254 240  34  32  32  32  32  32  32  32  32  32  31  33  31  99  94  88  94 100  99  86  48  32  23  29  29  32  32  32  32  32  32  25  42 187 182 200 188 189 190 188 193 191 192 194 211  47  28  31  41  32  32  32  30  33  31  25 246
 253 254 249  34  33  33  32  32  32  32  32  32  32  31  33  32 106  98  98 106  95  99  98  93 115 108  44  27  32  32  32  32  32  32  38  41 147 154 184 193 193 181 190 186 196 171  62  28  29  22  39  20  32  32  32  29  33  31  25 248
 255 254 251  31  39  30  32  32  32  32  32  32  32  31  33  20  95  93  94  94  95  95  95  96  94 103  32  37  33  32  32  31  32  32  32  32  31  31  30  30  31  31  31  31  30  31  32  32  32  32  32  32  31  31  32  32  32  31  30 251
 255 254 251  30  38  32  32  32  32  32  32  32  31  32  33  24  95  94  95  95  94  94  94  94  95  80  28  31  32  32  32  32  32  32  32  32  32  33  33  32  32  33  32  33  33  32  32  32  31  32  32  32  32  31  32  33  32  31  30 250
 255 254 251  26  35  37  32  32  32  32  32  32  31  32  32  35  98  96  95  94  94  94  94  94  98  27  35  31  31  31  32  32  32  32  32  32  32  32  32  32  32  32  32  32  32  32  32  32  32  32  32  32  32  32  32  33  32  31  30 248
 255 254 251  25  34  38  32  32  32  32  32  32  31  32  32  39  99  96  95  96  95  95  95  95 102  27  23  33  31  31  33  32  32  31  31  32  31  31  31  31  31  31  31  31  31  32  31  32  32  32  31  32  31  31  32  33  31  31  30 248
 255 253 252  20  31  33  32  32  32  32  32  32  32  34  29  87  93  94  94  96  95 100  90  91  42  29  33  29  32  32  32  31  31  31  31  31  32  32  33  33  32  33  33  32  31  31  47  48  33  41 123  32  31  32  33  31  32  32  31 252
 255 254 251  27  34  33  32  32  32  32  32  32  34  28  26 100  93  94  94  94  95  93  92 100  18  35  34  28  32  32  32  32  31  33  32  31  31  31  31  32  32  32  32  31  31  31  27  24  36  46 129  37  32  33  32  32  32  32  31 251
 255 254 251  33  36  33  32  32  32  32  32  32  26  22  30 113  92  93  95  93  94  98  93  99  38  29  37  35  32  32  32  32  31  31  32  33  32  31  34  29  31  32  31  30  32  32  39  13  41 213 164  36  32  32  32  32  32  32  31 248
 253 254 248  37  28  30  32  32  32  32  32  32  30  33  42  97  93  94  95  93  94  90  97  77  31  32  32  32  32  32  32  32  32  32  41  33  37  26  32 203 130  27 133 212  39  77 220 215 206 213 187  45  32  32  31  32  32  33  33 252
 250 254 232  33  31  31  32  32  32  32  32  32  36  31  73  96  93  94  94  94  94  99  90  22  32  32  32  32  32  32  32  33  33  32  35  28  45  80   7 217 198 205 214 217 209 216 216 211 219 198 202  39  31  32  31  32  32  33  33 253
 248 252 202  27  35  32  32  32  32  32  32  32  38  39  94  95  93  95  95  96  94  93  64  40  32  32  32  32  32  32  32  31  31  34  80 212 183 216 217 206 217 218 221 164  98  41  41  35  59  90 162  41  32  31  33  31  32  33  33 253
 254 254 186  34  32  30  32  32  32  32  32  32  36  24 106  94  94  94  92  93  89  85  27  37  32  32  32  32  32  32  32  42  23 121  72 216 213 212 215 216 214  73  26  32  32  33  32  32  32  31  32  33  32  31  32  32  32  33  34 250
 254 254 152  35  31  30  32  32  32  32  32  32  30  31  89  94  95  94  93 100  97  24  31  30  32  32  32  32  32  32  32  38  25  45  41 215 218 219 211  19  35  29  35  31  31  31  31  31  31  32  32  32  33  32  32  31  32  33  33 251
 251 254 119  35  31  30  32  32  32  32  32  32  28  30  95  94  95  94  92  93  99  28  32  30  32  32  32  32  32  32  31  32  31  29  33  27 229 213  23  25  29  27  40  31  31  32  33  32  33  30  31  31  32  33  32  32  32  33  33 252
 253 254  75  32  32  31  32  32  32  32  32  32  32  46 102  94  95  94  96  96 101  31  32  31  32  32  32  32  32  32  32  33  33  31  32  32  31  30  32  33  37  46  55  48  49  50  51  51  52  55  59  49  33  32  31  32  32  32  31 248
 253 254  65  32  32  32  32  32  32  32  32  32  36  66  95  94  94  94  95  95  89  32  31  31  32  32  32  32  32  32  32  32  31  32  31  32  31  31  37  33  28  53  87  87  88  88  86  86  86  83  85  90  32  31  31  32  32  32  31 249
 254 253  38  32  32  32  32  32  32  32  32  32  33 100  90  94  94  94  92  92  54  32  31  31  32  32  32  32  32  32  32  32  31  32  33  31  33  32  31  32  26  30  40  85  86  87  86  86  87  85  81  79  32  32  33  32  32  32  31 252
 254 252  28  32  32  32  32  32  32  32  32  32  28 105  92  94  95  94  90  92  41  33  31  31  32  32  32  32  32  32  32  31  33  33  32  31  31  30  32  32  36  26  34  83  85  86  88  89  89  93  84  62  32  32  32  32  32  32  32 251
 254 249  18  34  33  31  33  32  32  32  32  32  27 100  95  95  95  95  92  99  23  33  31  31  32  32  32  32  32  32  32  32  32  32  32  32  32  32  32  32  33  32  31  88  86  87  88  90  88  89  82  53  31  32  32  32  32  32  32 246
 252 252  19  34  33  32  31  32  34  34  32  31  27  99  96  95  95  94  90  92  25  32  31  32  32  32  32  32  32  32  32  32  32  32  32  32  32  32  32  32  33  32  31  88  86  87  88  90  88  88  82  51  31  32  32  32  32  32  32 237
 251 254  19  34  33  31  31  32  32  33  32  31  28  99  96  94  94  94  89  86  26  32  31  32  32  32  32  32  32  32  32  32  32  32  32  32  32  32  32  32  33  32  31  88  86  87  88  90  88  87  81  49  31  32  32  32  32  32  32 230
 248 252  18  33  34  32  27  32  33  22  37  45  84 102  94  95  94  94  94  55  32  33  32  32  32  32  32  32  32  32  32  32  32  32  32  32  32  32  32  32  33  32  31  85  87  87  88  90  88  91  85  41  32  33  32  32  32  32  32 213
 251 249  23  34  34  38  91  18  44  40  29  41  98  91  95  95  94  94 102  32  37  33  32  32  32  32  32  32  32  32  32  32  32  32  32  32  32  32  32  32  33  32  31  85  87  86  88  90  88  91  84  39  32  33  32  31  32  32  32 181
 255 244  31  36  37  24  97  94  88  60  53  85  94  97  93  95  94  95  93  33  26  33  32  31  32  32  32  32  32  32  32  32  32  32  32  32  32  32  32  32  33  32  31  84  86  85  88  90  88  91  83  37  32  33  32  31  32  32  32 129
 254 252  35  32  32  32  92  97  99  94  94  94  93  93  94  97 105  97  34  34  31  32  32  32  32  32  32  32  32  32  32  32  32  32  32  32  32  32  32  32  32  32  32  84  89  87  87  88  88  88  87  34  33  32  32  32  32  32  32 116
 254 254  33  32  32  32  96  98  92  95  96  94  95  95  94  93  90  99  32  33  32  32  32  32  32  32  32  32  32  32  32  32  32  32  32  32  32  32  32  32  32  32  32  62  89  88  88  89  88  87  86  32  33  31  32  32  32  32  32  86
 253 254  30  32  32  32  36  99  96  96  97  94  95  95  94  96  96  88  29  32  33  32  32  32  32  32  32  32  32  32  32  32  32  32  32  32  32  32  32  32  32  32  32  41  87  89  88  89  88  87  86  32  32  31  32  32  32  32  32  57
 254 254  35  32  32  32  35  33  96  95  99  88  91  89  97  85  94  29  32  32  32  32  32  32  32  32  32  32  32  32  32  32  32  32  32  32  32  32  32  32  32  32  32  32  87  90  89  89  87  88  90  32  33  31  32  32  32  32  32  30
 254 254  32  32  32  32  27  32  34 100  88  94 101  97  94  47  25  29  33  32  32  32  32  32  32  32  32  32  32  32  32  32  32  32  32  32  32  32  32  32  32  32  32  31  86  90  88  88  88  87  89  31  33  32  32  32  32  32  32  26
 254 254  28  32  32  32  39  27  32  46 111  94  72  34  29  29  39  32  32  32  32  32  32  32  32  32  32  32  32  32  32  32  32  32  32  32  32  32  32  32  32  32  32  31  85  88  87  88  88  87  88  30  33  32  32  32  32  32  32  55
 254 254  23  32  32  32  29  33  35  44  31  31  35  36  29  34  30  33  31  32  32  32  32  32  32  32  32  32  32  32  32  32  32  32  32  32  32  32  32  32  32  32  32  31  84  88  87  88  89  86  88  30  33  32  32  32  32  32  32 134
 254 254  21  32  32  31  32  31  31  32  32  32  32  32  32  32  32  32  32  32  32  32  32  32  32  32  32  32  32  32  32  32  32  32  32  32  32  32  31  31  32  32  32  35  79  85  88  89  89  89  85  31  32  32  33  31  32  33  33 190
 251 254  20  32  32  32  31  31  32  31  32  32  32  32  32  32  32  32  32  32  32  32  32  32  32  32  32  32  33  33  33  32  32  32  32  32  32  31  31  31  31  31  31  35  79  86  89  89  88  87  83  29  32  31  33  31  32  32  32 251
 249 254  19  32  32  32  33  32  32  32  32  32  32  32  32  32  32  32  32  32  32  32  32  32  31  31  31  32  32  32  32  32  32  32  32  32  32  32  32  32  32  32  32  34  79  86  89  89  88  87  83  29  32  32  33  32  32  32  32 252
 254 254  25  29  30  31  25  28  29  29  31  34  30  31  32  30  31  32  33  32  32  35  33  31  29  30  33  34  31  33  34  28  31  33  32  29  27  33  31  29  33  31  29  27  84  87  89  88  88  83  69  36  35  34  33  35  33  30  27 251
 250 254  21  30  31  32  33  35  36  27  29  33  32  33  35  28  31  36  40  38  37  33  30  23  20  22  29  32  36  40  43  36  33  31  36  33  30  35  33  32  26  29  34  34  83  86  88  90  93  99  65  30  26  28  34  33  32  32  31 248
 253 252  68  47  74  91 126 156 172 208 223 243 251 251 251 251 252 252 253 254 252 254 254 253 253 254 254 254 252 254 253 247 249 250 251 251 251 227 200 182 144 119  80  60  90  80  85  87  90  90  68  26  14  15  32  60  77 126 145 252
 254 254 254 252 252 252 254 254 254 254 254 254 254 254 255 255 254 254 255 254 254 255 255 254 254 254 254 254 255 255 255 255 255 254 254 254 254 254 254 254 253 253 253 252 250 247 247 246 245 243 247 252 252 252 253 252 252 252 252 254
