 254 254 254 254 254 254 254 254 254 254 254 254 254 254 254 254 254 254 254 254 254 254 253 253 252 252 250 252 250 245 242 238 238 238 225 224 207 219 234 239 248 253 251 252 253 253 252 252 254 254 254 254 254 254 254 254 254 254 254 254 254 254 254 254 254 254 254 254 254 254
 254 254 254 254 254 254 254 254 254 254 254 254 254 254 254 254 254 254 254 254 254 253 253 254 254 252 251 244 239 232 225 201 148  74  42  25   9  21  24  42 109 199 243 251 253 253 254 254 254 254 254 254 254 254 254 254 254 254 254 254 254 254 254 254 254 254 254 254 254 254
 254 254 254 254 254 254 254 254 254 254 254 254 254 254 254 254 254 254 254 254 254 254 253 252 251 245 239 234 221 197 118  36   6   4   5   2   2   1   4   3   4   9 100 218 250 249 254 254 254 254 254 254 254 254 254 254 254 254 254 254 254 254 254 254 254 254 254 254 254 254
 254 254 254 254 254 254 254 254 254 254 254 254 254 254 254 254 254 254 254 254 254 254 253 250 245 238 222 211 156  48   5   7   7   2   2   4   1   1   3   3   2   3   4  54 190 251 252 254 254 254 254 254 254 254 254 254 254 254 254 254 254 254 254 254 254 254 254 254 254 254
 254 254 254 254 254 254 254 254 254 254 254 254 254 254 254 254 254 254 254 254 254 254 251 247 235 219 205 133  20   3  22  56  43   8   3   1   1   1   1   1   1   1   2   2  55 220 250 251 254 254 254 254 254 254 254 254 254 254 254 254 254 254 254 254 254 254 254 254 254 254
 254 254 254 254 254 254 254 254 254 254 254 254 254 254 254 254 254 254 254 254 254 252 248 240 219 199 154  26   5  24  67 113  69  15   2   2   1   1   1   1   1   1   1   2   6 112 245 252 254 254 254 254 254 254 254 254 254 254 254 254 254 254 254 254 254 254 254 254 254 254
 254 254 254 254 254 254 254 254 254 254 254 254 254 254 254 254 254 254 254 254 254 252 241 225 202 176  55   6  12  36  65 100  73  14   1   3   1   1   1   1   2   1   1   1   4  28 209 252 254 254 254 254 254 254 254 254 254 254 254 254 254 254 254 254 254 254 254 254 254 254
 254 254 254 254 254 254 254 254 254 254 254 254 254 254 254 254 254 254 254 254 253 248 232 212 187 125   8   3   4  11  19  38  46  14   2   5   2   2   2   2   2   2   2   3   2   2 134 253 254 254 254 254 254 254 254 254 254 254 254 254 254 254 254 254 254 254 254 254 254 254
 254 254 254 254 254 254 254 254 254 254 254 254 254 254 254 254 254 254 254 254 250 240 226 197 175  51   3   1   1   2   1   3   8   6   0   2   1   1   1   1   1   2   2   1   3   4  66 241 254 254 254 254 254 254 254 254 254 254 254 254 254 254 254 254 254 254 254 254 254 254
 254 254 254 254 254 254 254 254 254 254 254 254 254 254 254 254 254 253 253 253 247 235 214 187 140  16   4   2   3   2   1   3   3   1   0   0   1   1   1   1   3   2   1   3   2   6  36 231 254 254 254 254 254 254 254 254 254 254 254 254 254 254 254 254 254 254 254 254 254 254
 254 254 254 254 254 254 254 254 254 254 254 254 254 254 254 254 254 253 253 253 244 231 204 181 107   2   2   3   2   1   6  20  11   3   1   3   1   1   1   1   1   7  10   7   3   3   9 206 254 254 254 254 254 254 254 254 254 254 254 254 254 254 254 254 254 254 254 254 254 254
 254 254 254 254 254 254 254 254 254 254 254 254 254 254 254 254 254 254 252 251 241 225 199 176  82   2   1   1   1   3  43  32  25  34  16   3   4   2   3   4  11  36  16   4   6   4   4 202 254 254 254 254 254 254 254 254 254 254 254 254 254 254 254 254 254 254 254 254 254 254
 254 254 254 254 254 254 254 254 254 254 254 254 254 254 254 254 254 254 252 250 239 222 192 168  64   1   1   1   1  13  25  77 162 156 126  65   8   1   5   3  27  23  98 110  34   2   8 204 254 254 254 254 254 254 254 254 254 254 254 254 254 254 254 254 254 254 254 254 254 254
 254 254 254 254 254 254 254 254 254 254 254 254 254 254 254 254 254 254 253 249 237 216 190 163  52   2   1   1   1   5  43 174 213 215 200 167  68   2   3   4  15 129 200 195 123  14   3 203 254 254 254 254 254 254 254 254 254 254 254 254 254 254 254 254 254 254 254 254 254 254
 254 254 254 254 254 254 254 254 254 254 254 254 254 254 254 254 254 254 253 248 235 214 186 159  31   2   1   2   2   8 136 236 194 134 210 246 173  12   3   3  81 241 220 199 204  51   6 204 254 254 254 254 254 254 254 254 254 254 254 254 254 254 254 254 254 254 254 254 254 254
 254 254 254 254 254 254 254 254 254 254 254 254 254 254 254 254 254 254 254 247 236 212 184 156  29   2   2   2   2  24 219 189  96  34  42 231 202  24  14   4 150 213  86  37 183  97   5 204 254 254 254 254 254 254 254 254 254 254 254 254 254 254 254 254 254 254 254 254 254 254
 254 254 254 254 254 254 254 254 254 254 254 254 254 254 254 254 254 254 254 247 236 212 184 155  28   2   2   2   2  45 240 119  48  10   1 174 192  39  35  15 163 130  74   8 120 112  11 209 254 254 254 254 254 254 254 254 254 254 254 254 254 254 254 254 254 254 254 254 254 254
 254 254 254 254 254 254 254 254 254 254 254 254 254 254 254 254 254 254 254 247 236 211 182 154  27   2   2   1   1  50 241 110   6   2   5 160 130  62  74  68 121  90  22   7 131 103  40 232 254 254 254 254 254 254 254 254 254 254 254 254 254 254 254 254 254 254 254 254 254 254
 254 254 254 254 254 254 254 254 254 254 254 254 254 254 254 254 254 254 253 248 234 209 181 150  24   2   2   2   2  28 220 184  20   7  31 170 154 149 171 179 156 102  23  27 197  64  40 235 254 254 254 254 254 254 254 254 254 254 254 254 254 254 254 254 254 254 254 254 254 254
 254 254 254 254 254 254 254 254 254 254 254 254 254 254 254 254 254 254 253 248 230 205 178 134  10   2   2   2   2   6 131 226 155 124 179 197 188 180 187 181 179 162 123 161 198  22  40 235 254 254 254 254 254 254 254 254 254 254 254 254 254 254 254 254 254 254 254 254 254 254
 254 254 254 254 254 254 254 254 254 254 254 254 254 254 254 254 254 254 252 246 227 204 175 133   8   2   2   2   2  17 108 174 192 197 199 206 207 204 189 184 177 176 158 136  98   5  42 235 254 254 254 254 254 254 254 254 254 254 254 254 254 254 254 254 254 254 254 254 254 254
 254 254 254 254 254 254 254 254 254 254 254 254 254 254 254 254 254 254 251 244 224 199 176 116   6   2   2   1   3  43 182 179 195 202 201 203 209 205 195 188 183 179 169 145 119  36  56 238 254 254 254 254 254 254 254 254 254 254 254 254 254 254 254 254 254 254 254 254 254 254
 254 254 254 254 254 254 254 254 254 254 254 254 254 254 254 254 254 254 251 242 221 194 171  77   4   2   3   3   3  32 151 147 151 179 203 204 204 204 201 192 182 181 174 154 135  69  90 249 254 254 254 254 254 254 254 254 254 254 254 254 254 254 254 254 254 254 254 254 254 254
 254 254 254 254 254 254 254 254 254 254 254 254 254 254 254 254 254 253 248 236 213 188 154  28   3   5  21  21   3  23 136 159 155 142 155 190 198 202 201 194 187 184 175 163 114  42  90 249 254 254 254 254 254 254 254 254 254 254 254 254 254 254 254 254 254 254 254 254 254 254
 254 254 254 254 254 254 254 254 254 254 254 254 254 254 254 254 254 254 246 230 206 182 115   5   9  58 109  42   3  13 117 150 153 153 148 123 148 173 195 199 195 187 163 111  64   6  86 250 254 254 254 254 254 254 254 254 254 254 254 254 254 254 254 254 254 254 254 254 254 254
 254 254 254 254 254 254 254 254 254 254 254 254 254 254 254 254 254 252 239 219 195 171  45   4  61 126 101   8   4  53 189 191 170 142 147 146 142 133 131 139 146 126 105 136 109   3  92 250 254 254 254 254 254 254 254 254 254 254 254 254 254 254 254 254 254 254 254 254 254 254
 254 254 254 254 254 254 254 254 254 254 254 254 254 254 254 252 253 245 228 205 182 101   7   4  48 107  37   1   7 108 206 208 192 182 152 130 137 146 151 157 154 114 135 189 131   7  71 242 253 252 253 254 254 254 254 254 254 254 254 254 254 254 254 254 254 254 254 254 254 254
 254 254 254 254 254 254 254 254 254 254 254 254 254 254 254 253 250 240 218 195 163  27   2   3   3  11   4   3  27 207 248 245 220 193 185 163 128 113 117 117 111 144 188 193 129   7  17 185 251 252 254 254 254 254 254 254 254 254 254 254 254 254 254 254 254 254 254 254 254 254
 254 254 254 254 254 254 254 254 254 254 254 254 254 254 254 251 243 227 205 181  93   3   3   4   1   4   4   4 128 251 252 252 248 223 197 189 184 172 157 162 179 192 187 216 189  24   4  68 238 251 251 254 254 254 254 254 254 254 254 254 254 254 254 254 254 254 254 254 254 254
 254 254 254 254 254 254 254 254 254 254 254 254 254 254 251 247 235 214 190 145  21   5   1   3   2   3   5  35 230 250 252 252 253 247 232 210 193 188 191 192 191 188 200 239 246 122   6  14 139 252 251 252 254 253 253 254 254 254 254 254 254 254 254 254 254 254 254 254 254 254
 254 254 254 254 254 254 254 254 254 254 254 254 254 254 249 238 227 199 179  61   4   1   1   1   1   1   1 137 253 254 254 254 254 254 252 242 226 200 191 191 188 191 227 253 252 225  47  13  19 186 251 253 253 253 249 254 254 254 254 254 254 254 254 254 254 254 254 254 254 254
 254 254 254 254 254 254 254 254 254 254 254 254 254 251 243 230 209 187 116  10   4   1   1   1   1   3  24 223 251 254 254 254 254 252 251 251 252 237 218 205 208 227 248 254 252 253 161  10   3  44 223 252 252 254 254 254 254 254 254 254 254 254 254 254 254 254 254 254 254 254
 254 254 254 254 254 254 254 254 254 254 253 254 251 244 235 212 195 127  19   2   3   1   1   1   1   1  77 246 254 254 254 254 254 255 254 254 251 252 253 248 245 254 254 253 252 253 245  68   4   5  66 238 254 252 253 254 254 254 254 254 254 254 254 254 254 254 254 254 254 254
 254 254 254 254 254 254 254 254 254 254 252 251 245 238 217 197 155  33   2   1   1   1   4   3   2   2 137 251 254 253 253 253 253 253 253 253 253 253 253 253 251 251 254 253 253 252 250 168  10   2   7 106 247 252 254 254 254 254 254 254 254 254 254 254 254 254 254 254 254 254
 254 254 254 254 254 254 254 254 254 254 253 247 240 224 197 157  40   4   1   1   1   2   1   2   2   7 184 238 242 250 253 254 254 253 251 254 254 255 253 249 252 251 255 254 253 253 247 204  35   2   7  11 142 246 251 254 254 254 254 254 254 254 254 254 254 254 254 254 254 254
 254 254 254 254 254 254 254 254 254 252 250 239 227 202 172  52   5   2   1   1   1   2   0   2   2  33 207 214 211 222 230 232 237 243 251 250 250 249 238 230 233 239 250 252 252 245 227 185  55   2   3   3  20 182 250 254 254 254 254 254 254 254 254 254 254 254 254 254 254 254
 254 254 254 254 254 254 254 254 253 251 244 230 209 188  90   5   5   4   1   1   1   7  22   4  15 152 208 192 192 195 200 204 220 237 251 252 253 251 245 238 228 246 251 250 243 225 198 167  88   7   4   4   6  64 239 253 254 254 254 254 254 254 254 254 254 254 254 254 254 254
 254 254 254 254 254 254 254 254 254 249 238 221 194 167  21   1   2   2   3   4  23  41  23   7 120 221 194 195 209 224 238 247 250 252 253 253 253 253 253 252 239 248 254 253 251 250 235 206 122  10   2   2   4   7 168 250 254 251 251 254 254 254 254 254 254 254 254 254 254 254
 254 254 254 254 254 254 254 253 252 244 231 206 181 108   1   2   2   2   3  34  32   7   2  47 219 198 209 230 249 254 254 254 253 253 253 253 253 253 253 253 248 251 254 253 253 253 252 242 210  48   4  24  10   5  97 249 254 251 253 254 254 254 254 254 254 254 254 254 254 254
 254 254 254 254 254 254 254 252 250 238 218 194 169  35   2   3   1   3  21  34  11   3   7 155 211 214 243 253 250 250 250 252 253 253 253 253 253 253 253 253 253 253 252 252 252 253 252 251 250 169   5  13  40   5  41 242 251 253 251 254 254 254 254 254 254 254 254 254 254 254
 254 254 254 254 254 254 253 252 248 232 210 182 132  10   2   2   2   9  38  26  39   8  45 220 217 246 250 252 251 253 253 252 251 253 253 253 253 253 253 253 252 251 251 252 253 253 252 252 253 243  64   4  32  16   7 194 252 251 252 254 254 254 254 254 254 254 254 254 254 254
 254 254 254 254 254 254 253 250 243 223 199 176  72   4   2   4   3  30  25  46  60  15 115 250 250 253 253 253 253 253 253 253 253 253 253 253 253 253 253 253 252 251 253 250 253 253 253 252 253 249 178   9  12  44   6 118 252 252 253 254 254 254 254 254 254 254 254 254 254 254
 254 254 254 254 254 254 253 248 238 215 191 160  27   3   3   3   9  44   6  19  32  18 181 251 250 253 253 253 253 253 253 253 253 253 253 253 253 253 253 253 252 245 251 252 253 253 253 251 253 251 242  74   4  34  16  42 245 250 252 254 254 254 254 254 254 254 254 254 254 254
 254 254 254 254 254 254 254 248 234 207 183 121   8   1   3   2  18  27   3   1   4  18 227 254 253 252 253 253 253 253 253 253 253 253 253 253 253 253 253 253 252 238 249 253 253 253 253 253 254 249 251 165  10  15  38   5 185 253 252 254 254 254 254 254 254 254 254 254 254 254
 254 254 254 254 254 254 251 243 226 197 175  77   3   2   3   1  30  19   3   1   3  44 248 252 251 253 253 253 253 253 253 253 253 253 253 253 253 253 253 253 252 236 245 253 253 253 253 252 253 252 250 233  52   4  43   8  88 249 253 253 254 254 254 254 254 254 254 254 254 254
 254 254 254 254 254 253 249 239 219 190 167  49   4   1   0   1  29  19   2   2   2  71 253 251 250 252 253 253 253 253 253 253 253 253 253 253 253 253 253 253 253 238 241 253 253 253 253 253 253 252 253 252 121   0  29  17  15 197 252 253 253 254 254 254 254 254 254 254 254 254
 254 254 254 254 254 253 249 236 214 185 153  25   2   1   2   2  19  19   2   2   2  96 252 252 252 252 253 253 253 253 253 253 253 253 253 253 253 253 253 253 253 238 238 253 253 253 253 253 253 252 253 250 192  11   5  33   9  86 242 253 253 254 254 254 254 254 254 254 254 254
 254 254 254 254 254 253 248 232 208 180 139  15   3   1   2   4  15  24   2   2   2 112 253 253 252 253 253 253 253 253 253 253 253 253 253 253 253 253 253 253 253 237 234 252 253 253 253 253 253 252 253 252 226  33   3  39   2  11 168 253 253 254 254 254 254 254 254 254 254 254
 254 254 254 253 253 253 246 229 203 177 121   5   2   1   1   3  11  31   1   3   3 122 253 252 251 252 253 253 253 253 253 253 253 253 253 253 253 253 253 253 254 238 231 252 253 253 253 253 253 252 253 251 244  60   1  48   1   3  51 226 253 251 254 254 254 254 254 254 254 254
 254 254 254 253 253 253 245 228 202 176 122   5   2   1   1   1   4  31   2   4   1 129 251 253 254 253 253 253 253 253 253 253 253 253 253 253 253 253 253 253 253 239 231 253 253 253 253 253 253 252 253 251 249  78   8  57   6   3   5 155 253 254 251 254 254 254 254 254 254 254
 254 254 254 253 253 253 245 228 202 176 122   5   2   1   1   1   0  25  11   1   1 131 253 253 252 252 253 253 253 253 253 253 253 253 253 253 253 253 253 253 252 242 230 253 253 253 253 253 253 252 253 253 252  98  21  84  18   3   6 109 251 253 253 254 254 254 254 254 254 254
 254 254 254 253 253 253 245 228 201 176 122   5   2   1   1   3   1  14  22   3   3 115 250 253 252 253 253 253 253 253 253 253 253 253 253 253 253 253 253 253 250 244 230 253 253 253 253 253 253 253 253 253 252 108  30  38   4   4   2  71 249 251 253 254 254 254 254 254 254 254
 254 254 254 253 254 252 247 230 205 179 145  19   4  11  23  24  26  13  28  32   9  86 250 251 251 252 253 253 253 252 252 252 253 253 253 253 253 253 253 253 253 245 231 253 253 253 253 250 254 251 250 252 250 110  31   8  14  14   5  82 248 252 253 254 254 254 254 253 253 253
 254 254 254 252 253 251 248 232 207 181 157  36  27  75  19   8   3   2   3   9  19  46 240 247 246 251 253 252 253 252 252 252 253 253 253 253 253 253 253 253 253 245 231 253 253 253 253 253 251 251 252 250 233  88  15  87 166 161  92 171 249 252 252 254 254 254 253 253 253 253
 254 254 254 252 253 251 248 233 208 182 163  69  33  53   5   3   2   2   4   5   9  85 193 201 201 243 253 248 253 252 252 252 253 253 253 253 253 253 253 253 253 245 231 253 253 253 253 253 252 252 251 229 102  20 100 183 188 181 166 191 247 253 252 253 253 252 253 253 253 252
 254 254 254 252 253 251 246 230 206 180 169 170  51  28  15   2   1   1   4   3   4 129 201 196 175 222 252 253 253 252 252 252 253 253 253 253 253 253 253 253 253 243 229 253 252 253 253 251 252 250 221  85  11  98 182 187 187 185 175 153 219 249 248 251 251 251 252 253 253 252
 254 254 254 253 253 251 241 223 202 174 180 192 134  15   7   3   5   3   3   4   5  98 187 188 172 220 251 251 252 252 252 252 253 253 253 253 253 253 253 253 253 241 235 251 252 251 250 250 252 196  58   7  63 175 187 187 189 186 178 159 165 215 231 235 239 245 251 253 253 252
 254 254 254 253 253 249 239 215 191 165 175 183 184  82   6   5   4   2   3   4   8 105 176 184 169 213 245 252 250 252 252 252 253 253 253 253 253 253 253 253 251 249 252 252 253 253 252 250 166  28   6  33 156 186 185 186 188 187 182 172 158 147 145 152 159 170 211 251 251 253
 254 254 254 253 253 247 233 209 181 160 173 179 177 158  77  16   5   5   5   9  52 135 168 180 169 183 202 241 252 252 252 252 253 253 253 253 253 253 253 253 251 253 254 252 253 250 237 127  12   3  11 120 189 186 186 188 187 187 188 183 179 173 170 170 172 163 152 231 253 252
 254 254 254 252 252 245 230 202 176 160 177 185 179 171 150 119  90  74  74  93 131 147 165 174 161 188 195 232 250 252 252 252 252 253 253 253 253 253 253 253 253 252 251 252 250 218  79   8   3   6  60 182 187 183 188 187 187 187 187 187 188 186 184 181 183 173 153 213 250 253
 254 254 253 251 247 237 218 194 172 171 184 185 184 181 174 154 145 137 136 139 144 155 168 173 156 180 195 226 253 252 252 252 252 253 253 253 253 253 253 253 253 253 252 251 208  54   7   5   3  18 144 190 186 184 188 187 187 187 187 187 187 187 187 186 185 175 150 204 251 252
 254 254 251 249 241 226 207 176 166 180 185 186 187 187 181 168 160 154 152 156 162 170 174 170 148 176 194 234 252 252 252 253 252 253 253 253 253 253 253 253 252 253 252 240  83   6   3   4   4  86 188 189 186 186 187 187 187 187 187 187 187 187 188 187 183 172 154 224 250 252
 252 251 246 237 226 207 189 169 179 183 188 186 185 187 186 179 171 168 167 168 172 179 180 168 142 157 204 243 251 252 252 253 253 253 253 253 253 253 253 253 251 254 252 223  22   3   6   3  35 170 187 187 187 187 186 187 187 187 187 187 187 187 189 187 182 169 153 227 253 253
 252 247 237 223 203 186 177 179 185 185 187 187 187 187 185 182 179 177 177 179 182 183 183 168 144  77 171 242 251 253 253 252 253 253 253 253 253 253 253 253 252 253 252 229  33   5   4  12 124 187 183 187 187 187 187 187 187 187 187 187 187 187 188 186 181 166 160 238 250 251
 249 238 220 201 181 178 188 185 184 186 187 187 187 187 186 187 187 187 187 186 186 185 183 168 144  61  35 187 251 252 252 251 253 253 253 253 253 253 253 253 252 252 252 252 185  67  13  74 184 186 182 186 187 187 187 187 187 187 187 187 187 187 188 188 182 164 158 239 250 250
 246 230 207 182 169 182 186 186 185 187 187 187 187 187 183 184 186 187 187 186 184 185 183 169 142  69   6  20 160 249 250 249 253 253 253 253 253 253 253 253 253 252 252 252 250 249 172 162 189 183 185 186 187 187 187 187 187 187 187 187 187 187 188 188 183 163 157 238 252 251
 245 226 203 179 161 169 179 184 187 187 187 187 187 187 186 186 187 187 187 187 187 188 182 169 141  75   8   4  10 116 231 251 251 252 253 253 252 253 253 253 252 252 252 252 250 219 141 184 185 185 184 186 187 187 188 187 187 187 187 187 187 187 186 186 185 166 146 223 251 252
 246 232 208 186 165 154 160 175 183 185 189 187 187 187 188 188 187 187 187 187 187 186 181 170 139  80  11   3   3   5  50 158 237 253 252 253 253 252 251 251 251 251 250 251 224 131 157 183 184 186 186 186 187 187 187 188 188 188 188 187 186 185 185 186 185 170 146 188 249 251
 248 239 222 203 186 173 155 154 164 176 183 186 186 183 186 186 187 188 187 187 187 186 182 169 140  85  16   3   2   2   5  10  65 146 208 242 252 253 253 254 251 249 236 181  82 106 162 175 184 186 186 186 187 187 187 187 187 187 187 188 187 186 187 186 184 177 158 153 242 251
 252 247 239 224 206 193 179 165 151 149 160 175 184 182 183 185 187 188 187 187 187 186 183 167 140  91  23   4   2   2   4   5   6   4  19  48  81 100 117 128 115  85  44  14  51 119 157 177 184 186 186 186 187 187 187 186 186 186 186 186 185 184 184 183 181 174 161 143 227 254
 253 252 248 237 230 218 204 192 181 163 142 139 160 169 177 181 186 188 186 187 187 186 181 164 138  95  28   4   3   5   3   2   3   3   2   2   3   3   1   2   3   3   3  12  69 120 156 171 183 186 186 186 186 187 185 186 184 184 184 180 179 178 174 169 167 160 148 134 223 251
 253 253 251 248 244 234 226 216 202 186 175 157 134 144 153 167 175 182 183 185 183 180 171 154 126  86  29   2   3   2   4   2   1   1   1   1   1   2   2   2   3   1   1  20  74 111 140 166 182 187 186 186 184 187 183 180 176 174 166 161 156 152 146 142 134 128 134 178 245 248
 254 254 253 250 250 247 245 237 226 212 196 179 167 139 126 145 159 167 175 178 175 170 159 140 114  80  26   5   4   7  14  13  12  12  12  12  12  12  12  12   6   4   3  16  67  95 119 148 166 179 182 184 179 175 166 158 144 138 133 127 124 118 118 134 159 198 227 245 250 252
 254 254 254 253 252 252 252 247 241 232 221 203 183 169 136 115 127 141 150 157 156 152 141 124 103  68  71  96 126 134 161 170 169 168 168 168 168 166 163 161 126 114  96  31  45  79  96 120 141 156 161 156 147 140 129 118 110 100 103 116 143 171 196 219 230 238 245 249 252 250
 254 254 254 253 254 254 254 252 249 245 236 221 205 187 174 143 103 115 123 132 130 130 123 109  86  65 184 217 218 220 220 220 220 219 219 219 218 216 212 209 201 190 179 134  87  66  78  93 106 117 119 119 113 103  94 103 130 158 191 210 223 229 233 238 241 245 250 253 252 252
 254 254 254 254 254 254 254 254 252 250 247 238 226 209 192 175 147  92  90 106 106 107  95  76  67 155 234 239 237 240 240 240 240 241 241 241 240 237 234 231 223 213 198 181 173 117  62  69  78  82  81  78  89 124 174 204 221 227 235 237 241 246 248 250 251 253 254 254 254 254
 254 254 254 254 254 254 254 254 254 253 252 247 240 227 211 195 186 167 131  97  80  80  80 128 199 241 247 249 251 250 250 250 250 250 250 250 250 250 248 246 242 233 221 204 192 180 151 109  76  71 111 155 199 222 232 236 242 243 245 249 250 252 252 252 253 253 254 254 254 254
 254 254 254 254 254 254 253 253 253 253 253 251 248 238 232 221 211 202 199 202 197 207 219 233 243 250 253 250 254 253 253 253 253 253 253 253 254 254 253 252 251 246 239 226 218 207 202 205 201 210 224 230 237 244 246 250 249 252 253 253 253 253 253 253 253 253 254 254 254 254
