 100 100 100 100 100 100 100 100 100 100 100 100 100 100 100 100 100 100 100 100 100 100 100 100 100 100 100 100 100 100 100 100 100 100 100 100 100 100 100 100 100 100 100 100 100 100 100 100 100 100 100 100 100 100 100 100 100 100 100 100
 100 152 103 102 101  96 102 134 170 193 191 190 194 165 129  94  95 101 104 103 103 102 104 110 149 189 224 228 226 209 192 175 176 173 173 174 174 175 177 177 176 175 174 174 175 176 177 177 177 177 176 177 177 174 171 168 167 195 223 100
 100 103  29  29  31  43  77 130 171 191 190 190 189 141  89  36  32  32  32  30  29  28  30  45 103 161 204 208 206 188 172 147 131 111 100 101 101 102 103 102 102 101 101 102 102 103 103 104 104 103 103 103 103 100  98  96  93 146 198 100
 100 102  30  31  34  63 115 167 190 191 189 189 175 122  70  31  32  32  33  33  33  31  30  52 106 160 190 190 189 170 155 127 111  72  44  26  27  28  29  29  28  28  28  30  30  30  30  31  31  31  32  32  33  33  33  33  33 107 181 100
 100 101  29  31  31  77 129 184 191 191 191 190 156 104  52  33  32  33  33  32  32  31  31  73 126 179 190 189 191 192 193 182 146  92  49  32  33  32  31  31  31  31  32  33  33  32  32  33  32  32  32  32  32  32  33  33  33 107 181 100
 100 101  29  31  36  88 142 191 190 190 191 191 142  89  35  32  32  32  32  32  32  32  32  84 136 189 190 190 192 193 195 172 138  82  52  33  34  32  32  32  32  32  32  32  32  32  32  32  32  32  32  32  32  32  32  32  35 108 182 100
 100 102  29  32  54 107 158 189 189 190 192 188 136  82  32  32  32  32  32  32  33  33  32  87 140 192 190 191 193 181 165 127  86  49  35  34  34  32  32  32  32  32  32  32  32  32  32  32  32  32  32  32  32  32  32  32  37 110 184 100
 100 102  29  32  75 130 180 191 189 190 191 172 121  67  33  32  32  32  32  32  32  33  44  98 149 190 189 190 189 160 129  77  55  33  35  33  33  32  32  32  32  32  32  32  32  32  32  32  32  32  32  32  32  32  32  32  38 111 185 100
 100 103  29  33  86 141 191 190 189 190 190 152 100  47  32  32  32  32  32  31  32  35  66 118 167 189 190 190 171 122  74  41  37  32  32  32  32  32  32  32  32  32  32  32  32  32  32  32  32  32  32  32  32  32  32  32  38 111 185 100
 100 102  30  32  85 139 190 190 189 190 191 140  89  35  32  32  32  32  32  31  32  49  97 150 185 191 189 189 152  98  49  34  36  32  32  32  32  32  32  32  31  32  32  32  32  32  32  32  32  32  32  32  32  32  32  32  38 111 185 100
 100 101  30  32  82 135 187 189 188 190 191 138  86  31  32  32  32  32  32  31  32  66 121 172 191 189 189 190 137  84  31  32  33  32  32  32  32  32  32  32  31  32  32  32  32  32  32  32  32  32  32  32  32  32  32  32  39 112 186 100
 100 101  30  31  82 134 188 190 189 190 191 140  87  33  31  32  32  32  32  32  33  82 135 187 190 190 190 176 122  70  32  32  32  32  32  32  32  32  32  32  33  32  32  32  32  32  32  32  32  32  32  32  32  32  32  32  40 114 187 100
 100 101  30  31  84 136 190 190 190 190 191 138  85  31  31  32  32  32  32  32  33  85 138 190 190 189 190 157 105  51  32  32  32  32  32  32  32  32  31  30  29  30  31  32  32  32  32  32  32  32  32  32  32  32  32  32  41 115 188 100
 100 102  30  32  83 134 188 189 189 190 193 142  89  33  31  32  32  32  32  33  45  97 149 190 190 190 181 129  76  33  32  31  32  35  40  62  82 100  97  94  94  99  78  56  32  33  32  32  32  32  32  32  32  32  32  31  46 120 193 100
 100 102  30  33  71 124 176 189 188 190 192 139  86  32  31  32  32  32  32  38  66 117 164 189 190 189 161 106  54  30  32  31  31  58  87 112 106 107 107 106  99 105  90  67  37  32  32  32  32  32  32  32  32  32  32  31  53 126 200 100
 100 102  29  34  53 105 157 188 188 190 191 158 106  52  32  32  32  31  33  57 103 152 180 188 190 191 144  91  37  32  32  29  53  78 108 133 153 180 165 163 132 128  90  66  36  30  32  32  32  32  32  32  32  32  32  30  63 136 210 100
 100 102  29  34  39  81 134 181 191 191 188 172 138  91  54  37  34  32  48  88 142 176 187 189 192 191 137  83  31  32  32  41  87 107 122 125 151 184 147 145  89  82  44  41  36  29  32  32  32  32  32  32  32  32  32  31  69 142 216 100
 100 102  29  34  33  57  92 144 173 190 191 191 177 146 108  91  77  77  92 138 172 190 189 189 191 173 122  68  34  33  32  40  87 105 121 144 179 226 175 164  96  75  32  28  30  29  31  31  32  32  32  32  32  31  31  32  77 151 224 100
 100 102  29  34  33  42  58  92 137 173 190 190 193 179 160 142 128 128 142 170 188 190 190 190 185 147  96  48  33  32  31  42  64  84  98 131 162 197 153 122  63  60  39  38  32  31  32  32  32  32  32  32  32  31  31  32  83 157 229 100
 100 102  29  33  32  34  32  49  82 137 172 190 191 191 191 190 179 179 180 191 191 189 191 187 165 110  61  31  32  32  31  31  29  52  77 111 114 125 105  76  50  54  60  50  36  31  32  32  32  32  32  32  32  31  31  32  91 165 238 100
 100 101  30  32  32  33  33  34  49  85 120 159 177 193 190 189 189 187 189 189 192 189 191 171 130  76  42  31  32  31  32  31  29  29  29  43  70  92  87  66  58  74  80  66  44  32  32  32  32  32  32  32  32  32  32  32  97 171 244 100
 100 101  30  31  32  31  32  32  32  49  67 104 126 159 175 189 191 189 189 189 191 185 181 145  98  50  32  32  32  32  32  30  31  39  51  58  64  69  75  77  84  92  96  73  52  31  32  32  32  32  32  32  32  32  32  33 102 176 249 100
 100 102  30  31  32  31  32  31  32  31  32  51  74 106 122 136 137 136 136 136 138 132 127  94  64  34  32  32  32  32  32  32  33  48  64  79  84  90  96  97  96  95  96  74  54  31  32  32  32  32  32  32  32  32  33  33 105 178 251 100
 100 103  31  32  32  32  32  30  31  30  31  30  34  50  69  83  85  83  84  84  84  80  75  59  46  34  33  32  32  32  32  32  33  54  78  98  97  95  95  96  96  96  96  73  52  30  32  32  32  32  32  32  32  32  33  33 106 179 253 100
 100 104  31  32  32  32  32  32  32  32  32  32  32  32  32  32  32  32  32  32  32  32  32  32  32  32  32  32  32  32  32  32  32  45  66  87  95  94  94  94  94  94  95  72  52  30  32  32  32  32  32  32  32  32  34  33 106 178 253 100
 100 103  31  32  32  32  32  32  32  32  32  32  32  32  32  32  32  32  32  32  32  32  32  32  32  32  32  32  32  32  32  31  31  35  57  79  96  94  94  95  95  95  96  75  54  32  32  32  32  32  32  32  32  33  34  33 105 177 253 100
 100 104  31  32  32  32  32  32  42  43  43  35  35  35  33  32  32  32  32  32  32  32  32  32  32  31  31  32  32  32  32  31  31  30  46  67  89  94  95  95  95  95  96  82  60  39  32  32  32  32  32  32  32  33  34  31 103 176 253 100
 100 104  31  32  32  32  32  32  53  56  56  36  34  34  32  31  31  32  32  32  32  32  31  31  31  31  31  32  32  32  32  31  31  30  38  60  81  95  94  95  95  95  95  88  66  45  31  32  32  32  32  32  32  33  33  31 103 176 253 100
 100 104  32  32  32  32  32  33  68  91  92  55  34  32  33  31  31  32  32  32  32  32  32  32  32  32  31  31  32  32  32  32  32  32  33  53  74  95  94  95  94  94  94  95  74  52  29  30  32  32  32  32  32  32  33  31 104 177 253 100
 100 105  32  32  32  32  32  35  77 119 137 112  91  75  59  57  63  62  53  61  62  50  32  32  34  33  33  32  32  32  32  32  33  33  32  51  72  93  94  94  94  94  94  97  76  55  30  30  31  32  32  32  32  32  32  32 105 179 253 100
 100 105  32  32  32  32  32  35  85 144 183 170 153 138 120 118 124 122 111 119  98  73  36  38  35  33  33  32  32  32  32  32  33  33  33  44  64  85  94  94  94  94  94  96  81  60  36  30  32  32  32  32  32  32  32  32 103 177 250 100
 100 106  33  32  32  32  32  35  86 131 171 161 158 141 129 141 167 179 174 180 159 134  94  96  77  59  39  32  32  32  32  32  32  32  32  37  54  75  91  94  94  94  94  94  86  67  46  34  33  32  32  32  32  32  31  32  97 171 244 100
 100 106  33  32  32  32  32  34  67  92 114 101  97  95 102 116 135 152 176 196 190 176 154 156 120  92  51  42  32  33  32  32  32  32  32  32  42  62  82  93  93  94  94  94  93  72  53  33  34  32  32  32  32  32  32  32  90 164 237 100
 100 106  33  32  32  32  32  33  48  54  56  41  36  34  41  55  74  92 119 136 172 192 212 212 161 115  52  43  32  34  32  32  32  32  32  33  36  48  67  86  94  95  94  94  95  74  54  33  33  32  32  32  32  32  32  32  82 155 228 100
 100 106  33  32  32  32  32  32  32  32  32  32  32  32  32  32  32  36  56  74 110 150 195 196 140  89  47  43  32  34  32  32  32  32  32  32  31  36  57  79  94  94  94  94  95  73  52  31  32  32  32  32  32  31  31  32  73 147 220 100
 100 105  32  32  32  32  32  34  37  39  39  39  38  38  38  37  39  38  37  31  49  89 134 135  95  54  33  33  32  33  32  32  32  32  32  31  31  30  53  74  96  95  94  94  95  75  54  33  31  32  32  32  32  31  31  32  60 134 207 100
 100 105  32  32  32  32  32  40  49  57  57  56  57  57  56  56  57  53  45  35  31  51  73  73  53  31  31  32  32  32  32  32  32  32  32  32  31  31  53  74  95  94  94  94  95  80  59  37  32  32  32  32  32  32  32  32  50 124 198 100
 100 104  32  32  32  32  32  46  60  74  75  75  75  75  75  74  69  59  45  35  32  32  32  31  32  32  32  32  32  32  32  32  32  32  32  32  31  31  48  69  90  94  94  94  95  87  67  45  33  32  32  32  32  32  32  32  41 115 189 100
 100 105  32  32  32  32  32  47  64  82  86  87  87  87  87  86  75  58  40  33  32  32  32  31  32  32  32  32  32  32  32  32  32  32  32  32  31  31  42  62  82  93  94  94  94  92  72  52  32  32  32  32  32  32  32  32  36 110 183 100
 100 104  32  32  32  32  32  43  60  79  86  88  88  87  87  86  69  50  32  31  32  32  32  32  32  32  32  32  32  32  32  32  32  32  32  32  31  32  34  55  75  93  93  94  94  96  74  54  31  32  32  32  32  32  32  32  31 104 178 100
 100 103  32  32  32  32  32  40  56  76  87  89  89  88  87  86  68  49  32  32  33  32  32  32  32  32  32  32  32  32  32  32  32  32  32  32  31  32  31  52  72  93  93  95  95  97  74  53  30  32  32  32  32  32  32  33  29 102 175 100
 100 101  32  32  32  32  32  38  55  74  86  89  89  88  87  87  68  50  32  32  32  32  32  32  32  32  32  32  32  32  32  32  32  32  32  32  32  32  29  50  69  92  93  95  95  97  74  53  30  32  33  33  32  32  32  33  29 101 174 100
 100  97  32  32  32  32  32  37  54  73  86  89  89  88  87  87  68  50  32  32  32  32  32  32  32  32  32  32  32  32  32  32  32  32  32  32  32  32  30  46  65  88  93  94  95  97  81  61  39  33  32  32  32  31  32  33  29 102 174 100
 100  91  32  32  32  32  32  36  53  72  87  89  89  88  87  86  68  50  32  32  32  32  32  32  32  32  32  32  32  32  32  32  32  32  32  32  32  32  32  41  61  82  94  94  95  96  87  69  47  34  34  32  38  37  39  34  29 102 174 100
 100  79  32  32  32  32  32  35  52  71  88  90  89  88  87  86  67  49  32  32  32  32  32  32  32  32  32  32  32  32  32  32  32  32  32  32  32  32  32  35  56  77  95  94  94  95  94  82  63  46  45  48  58  50  46  34  31 102 175 100
 100  69  32  32  32  32  32  34  51  70  88  89  88  88  87  86  68  49  32  32  32  32  32  32  32  32  32  32  32  32  32  32  32  32  32  32  32  32  32  32  47  68  90  96  96  94  94  87  76  66  67  70  80  65  53  33  33 104 177 100
 100  58  32  32  32  32  32  33  51  69  87  89  88  88  87  84  65  47  32  32  32  32  32  32  32  32  32  32  32  32  32  32  32  32  32  32  32  32  31  32  39  61  82  96  95  95  94  93  89  85  86  91  95  74  53  32  33 105 179 100
 100  50  32  32  32  32  32  32  51  69  87  88  88  88  88  80  61  42  32  32  32  32  32  32  32  32  32  32  32  32  32  32  32  32  32  32  32  32  32  32  32  53  74  96  95  95  94  94  95  95  95  96  89  68  46  32  32 106 180 100
 100  41  32  32  32  32  32  32  51  69  87  88  88  89  88  74  55  36  32  32  32  32  32  32  32  32  32  32  32  32  32  32  32  32  32  32  32  32  32  32  32  45  65  86  93  93  94  93  94  95  96  89  76  55  40  32  32 106 180 100
 100  34  32  32  32  32  32  32  51  69  88  88  88  89  88  70  51  33  32  32  32  32  32  32  32  32  32  32  32  32  32  32  32  32  32  32  32  32  32  32  32  37  51  65  81  88  95  94  94  95  89  76  54  40  32  32  32 106 180 100
 100  34  32  32  32  32  32  32  51  69  88  88  88  89  88  69  50  32  32  32  32  32  32  32  32  32  32  32  32  32  32  32  32  32  32  32  32  32  32  32  32  31  38  45  60  67  78  84  93  91  78  55  39  32  33  32  32 106 180 100
 100  45  32  32  32  32  32  32  51  68  88  88  88  88  87  68  49  32  32  32  32  32  32  32  32  32  32  32  32  32  32  32  32  32  32  32  32  32  32  32  32  32  32  33  40  48  59  66  73  71  58  43  32  31  32  32  31 105 179 100
 100  64  32  32  32  32  32  32  50  68  88  88  88  88  86  67  49  32  32  32  32  32  32  32  32  32  32  32  32  32  32  32  32  32  32  32  32  32  32  32  32  32  33  33  32  32  37  44  52  50  44  35  32  32  32  32  29 103 177 100
 100  85  32  32  32  32  32  31  49  68  87  88  88  88  85  67  49  32  32  32  31  31  32  32  32  32  32  32  32  32  32  32  32  32  32  32  32  32  32  32  32  32  32  32  32  32  32  33  32  33  33  33  32  31  31  32  28 102 176 100
 100  99  32  32  32  32  32  31  48  67  87  88  89  88  84  66  48  33  32  32  31  31  32  32  32  32  32  32  32  32  32  32  32  32  32  32  32  32  32  32  32  32  32  32  32  32  32  32  32  32  32  32  32  32  32  32  28 102 175 100
 100 104  31  32  33  33  33  32  48  65  84  87  89  88  85  66  48  31  31  31  31  31  31  31  31  32  32  32  32  32  33  32  32  32  31  31  32  32  32  32  32  32  32  32  32  32  32  32  32  32  31  31  30  31  31  31  28 102 176 100
 100 104  31  32  33  33  32  31  45  65  84  89  89  88  86  67  48  31  31  31  31  32  32  31  31  32  32  32  33  34  35  34  32  30  28  28  29  31  33  34  34  34  33  32  31  32  32  32  32  31  31  31  31  31  31  31  28 102 176 100
 100 127  59  51  41  34  28  27  41  63  83  90  89  87  86  70  58  49  58  69  79  89  96 102 104 105 105 104 106 108 108 107 106 105 103 102 103 105 107 107 108 108 107 105 105 105 105 104 101  95  87  80  71  62  53  44  39 109 181 100
 100 177 133 124 114 107 101  99 109 124 138 143 141 140 140 131 126 124 132 144 153 163 171 177 179 179 179 179 181 182 183 181 180 179 177 176 177 179 180 181 182 182 181 179 179 179 180 178 175 169 162 155 147 137 127 118 114 159 207 100
 100 100 100 100 100 100 100 100 100 100 100 100 100 100 100 100 100 100 100 100 100 100 100 100 100 100 100 100 100 100 100 100 100 100 100 100 100 100 100 100 100 100 100 100 100 100 100 100 100 100 100 100 100 100 100 100 100 100 100 100
