   0   0   0   0   0   0   0   0   0   0   0   0   0   0   0   0   0   0   0   0   0   0   0   0   0   0   0   0   0   0   0   0   0   0   0   0   0   0   0   0   0   0   0   0   0   0   0   0   0   0   0   0   0   0   0   0   0   0   0   0   0   0   0   0   0   0   0   0   0   0
   0 254 254 254 254 254 254 254 254 254 254 254 254 254 254 254 254 254 254 254 254 254 254 253 252 248 230 197 157 123 101  87  80  79  82  93 109 131 161 193 219 235 242 247 250 252 253 253 254 254 254 254 254 254 254 254 254 254 254 254 254 254 254 254 254 254 254 254 254   0
   0 254 254 254 254 254 254 254 254 254 254 254 254 254 254 254 254 254 254 254 254 254 254 253 245 219 174 120  75  42  22  11   7   7  10  18  32  54  84 119 160 198 224 237 244 249 252 253 254 254 254 254 254 254 254 254 254 254 254 254 254 254 254 254 254 254 254 254 254   0
   0 254 254 254 254 254 254 254 254 254 254 254 254 254 254 254 254 254 254 254 254 254 253 248 219 165  97  44  14   3   2   2   2   2   2   3   9  19  33  55  88 136 182 216 233 242 249 252 253 254 254 254 254 254 254 254 254 254 254 254 254 254 254 254 254 254 254 254 254   0
   0 254 254 254 254 254 254 254 254 254 254 254 254 254 254 254 254 254 254 254 254 253 252 232 176  99  35   8   2   2   2   1   1   1   2   4  17  36  43  38  39  70 126 179 215 232 243 250 253 254 254 254 254 254 254 254 254 254 254 254 254 254 254 254 254 254 254 254 254   0
   0 254 254 254 254 254 254 254 254 254 254 254 254 254 254 254 254 254 254 254 254 253 247 202 125  48   8   1   1   1   1   1   1   1   2   5  25  55  68  54  28  29  68 130 185 218 234 246 251 254 254 254 254 254 254 254 254 254 254 254 254 254 254 254 254 254 254 254 254   0
   0 254 254 254 254 254 254 254 254 254 254 254 254 254 254 254 254 254 254 254 254 253 234 165  82  18   2   2   1   1   1   1   1   2   2   6  26  54  66  53  27  14  30  84 147 198 223 239 248 253 254 254 254 254 254 254 254 254 254 254 254 254 254 254 254 254 254 254 254   0
   0 254 254 254 254 254 254 254 254 254 254 254 254 254 254 254 254 254 254 254 254 252 213 132  50   5   2   2   2   2   1   1   1   2   2   5  18  34  39  31  17   8  10  48 109 172 211 230 244 251 253 254 254 254 254 254 254 254 254 254 254 254 254 254 254 254 254 254 254   0
   0 254 254 254 254 254 254 254 254 254 254 254 254 254 254 254 254 254 254 254 254 250 191 108  28   3   2   2   2   2   2   1   1   2   1   3   9  14  14   9   5   3   3  24  79 143 197 221 238 248 252 254 254 254 254 254 254 254 254 254 254 254 254 254 254 254 254 254 254   0
   0 254 254 254 254 254 254 254 254 254 254 254 254 254 254 254 254 254 254 254 254 245 172  89  15   4   4   4   3   2   1   1   1   1   1   2   4   6   6   4   2   2   2   9  56 117 181 213 232 245 251 253 254 254 254 254 254 254 254 254 254 254 254 254 254 254 254 254 254   0
   0 254 254 254 254 254 254 254 254 254 254 254 254 254 254 254 254 254 254 254 254 240 161  78   8   4   6  10  10   7   3   2   2   2   3   7  10  15  16  12   7   2   2   4  40  99 166 206 227 242 250 253 253 254 254 254 254 254 254 254 254 254 254 254 254 254 254 254 254   0
   0 254 254 254 254 254 254 254 254 254 254 254 254 254 254 254 254 254 254 254 254 237 155  71   8  19  32  35  25  13   6   2   3  10  25  45  59  58  45  24  11   3   1   2  29  87 153 200 222 240 248 252 253 254 254 254 254 254 254 254 254 254 254 254 254 254 254 254 254   0
   0 254 254 254 254 254 254 254 254 254 254 254 254 254 254 254 254 254 254 254 254 237 154  72  22  55  87  90  62  28   8   3  11  36  73 109 127 121  88  46  15   3   1   1  23  79 143 195 218 237 247 252 253 254 254 254 254 254 254 254 254 254 254 254 254 254 254 254 254   0
   0 254 254 254 254 254 254 254 254 254 254 254 254 254 254 254 254 254 254 254 254 237 154  77  49 104 154 157 115  58  16   4  31  82 140 169 179 173 140  80  26   4   1   1  17  71 134 190 215 234 246 252 254 254 254 254 254 254 254 254 254 254 254 254 254 254 254 254 254   0
   0 254 254 254 254 254 254 254 254 254 254 254 254 254 254 254 254 254 254 254 254 237 154  87  76 123 161 169 148  93  31   8  56 125 171 164 149 165 167 115  49   5   2   2  14  66 128 187 212 233 246 252 254 254 254 254 254 254 254 254 254 254 254 254 254 254 254 254 254   0
   0 254 254 254 254 254 254 254 254 254 254 254 254 254 254 254 254 254 254 254 254 238 156 100  88 112 126 134 151 111  52  17  77 144 163 120  85 118 164 135  75  10   2   2  11  63 124 185 211 232 246 252 254 254 254 254 254 254 254 254 254 254 254 254 254 254 254 254 254   0
   0 254 254 254 254 254 254 254 254 254 254 254 254 254 254 254 254 254 254 254 254 241 163 113  89  89  74  74 117 106  72  37  86 135 126  73  27  68 141 137  92  14   2   2  11  62 122 183 210 232 246 252 254 254 254 254 254 254 254 254 254 254 254 254 254 254 254 254 254   0
   0 254 254 254 254 254 254 254 254 254 254 254 254 254 254 254 254 254 254 254 254 244 170 116  91  85  68  54  98 114 109  88 112 137 113  62  14  56 132 137  92  15   2   2  10  60 121 182 209 231 245 252 254 254 254 254 254 254 254 254 254 254 254 254 254 254 254 254 254   0
   0 254 254 254 254 254 254 254 254 254 254 254 254 254 254 254 254 254 254 254 254 247 176 112  93 101  99  80 109 138 146 139 144 154 135  97  59  93 144 133  76  10   2   2   8  56 116 178 207 230 245 252 254 254 254 254 254 254 254 254 254 254 254 254 254 254 254 254 254   0
   0 254 254 254 254 254 254 254 254 254 254 254 254 254 254 254 254 254 254 254 254 248 177 102  78 101 125 119 140 166 178 180 181 184 170 146 123 142 157 122  57   7   2   2   6  52 110 174 205 228 243 251 254 254 254 254 254 254 254 254 254 254 254 254 254 254 254 254 254   0
   0 254 254 254 254 254 254 254 254 254 254 254 254 254 254 254 254 254 254 254 254 248 179 101  68 102 145 157 167 179 185 190 196 200 199 190 183 183 171 118  55   9   2   2   4  46 104 169 202 225 242 251 253 254 254 254 254 254 254 254 254 254 254 254 254 254 254 254 254   0
   0 254 254 254 254 254 254 254 254 254 254 254 254 254 254 254 254 254 254 254 254 250 186 113  72 100 143 164 175 182 188 196 202 205 204 199 191 180 164 115  60  12   2   2   3  39  96 161 199 222 240 250 253 254 254 254 254 254 254 254 254 254 254 254 254 254 254 254 254   0
   0 254 254 254 254 254 254 254 254 254 254 254 254 254 254 254 254 254 254 254 254 251 193 124  83 109 150 169 179 186 191 198 202 202 196 187 176 168 162 117  64  15   7   7   5  27  82 145 193 218 237 248 253 254 254 254 254 254 254 254 254 254 254 254 254 254 254 254 254   0
   0 254 254 254 254 254 254 254 254 254 254 254 254 254 254 254 254 254 254 254 254 252 197 126  77  95 139 166 181 189 194 196 192 183 175 166 160 154 147 103  53  16  23  29  24  21  63 124 183 212 233 246 252 254 254 254 254 254 254 254 254 254 254 254 254 254 254 254 254   0
   0 254 254 254 254 254 254 254 254 254 254 254 254 254 254 254 254 254 254 254 254 253 198 119  67  83 127 150 163 173 176 174 169 162 155 150 152 157 158 115  60  19  35  55  55  33  47  99 163 204 226 242 250 254 254 254 254 254 254 254 254 254 254 254 254 254 254 254 254   0
   0 254 254 254 254 254 254 254 254 254 254 254 254 254 254 254 254 254 254 254 254 251 195 112  63  84 127 141 147 157 163 158 151 142 141 147 160 171 175 137  78  27  35  65  73  47  33  70 134 188 217 235 247 252 254 254 254 254 254 254 254 254 254 254 254 254 254 254 254   0
   0 254 254 254 254 254 254 254 254 254 254 254 254 254 254 254 254 254 254 253 253 244 179  97  63 100 146 148 136 134 136 134 133 138 148 160 176 194 208 184 117  46  21  44  55  41  20  40  99 162 205 227 242 250 253 254 254 254 254 254 254 254 254 254 254 254 254 254 254   0
   0 254 254 254 254 254 254 254 254 254 254 254 254 254 254 254 254 254 254 253 251 221 148  69  64 121 173 173 156 148 145 144 145 151 163 179 199 218 230 220 159  82  24  19  24  21   8  17  65 128 186 216 234 246 252 253 254 254 254 254 254 254 254 254 254 254 254 254 254   0
   0 254 254 254 254 254 254 254 254 254 254 254 254 254 254 254 254 254 253 252 238 183 102  50  83 152 199 194 176 164 157 157 160 171 187 204 222 237 247 245 205 126  49   8   4   4   2   6  35  93 157 202 225 240 249 252 254 254 254 254 254 254 254 254 254 254 254 254 254   0
   0 254 254 254 254 254 254 254 254 254 254 254 254 254 253 253 253 253 253 245 204 131  61  58 124 196 223 210 194 186 182 183 189 200 214 227 240 249 252 252 236 171  89  22   2   2   2   2  15  57 120 178 213 231 244 250 253 254 254 254 254 254 254 254 254 254 254 254 254   0
   0 254 254 254 254 254 254 254 254 254 254 254 254 254 253 253 253 253 249 218 152  76  46  95 174 233 241 225 208 198 197 201 211 222 234 243 250 253 253 253 250 210 129  48   5   2   1   2   4  28  81 145 195 221 237 246 252 254 254 254 254 254 254 254 254 254 254 254 254   0
   0 254 254 254 254 254 254 254 254 254 254 254 254 254 253 253 253 251 227 169  89  39  63 142 216 250 249 240 227 217 216 222 231 241 248 252 253 254 254 254 254 236 163  79  12   1   1   1   2  10  44 100 162 203 226 240 248 252 254 254 254 254 254 254 254 254 254 254 254   0
   0 254 254 254 254 254 254 254 254 254 254 254 254 254 254 253 252 234 183 105  40  35 102 184 241 253 253 250 244 238 237 241 247 251 252 253 253 254 254 254 253 249 191 107  28   2   2   2   2   3  18  55 116 172 210 230 242 249 252 253 254 254 254 254 254 254 254 254 254   0
   0 254 254 254 254 254 254 254 254 254 254 254 254 254 254 252 239 194 120  49  15  55 137 216 251 253 253 253 252 250 251 252 253 253 253 253 253 254 254 253 252 249 209 127  46   2   2   2   2   1   3  21  64 124 178 213 232 244 250 252 254 254 254 254 254 254 254 254 254   0
   0 254 254 254 254 254 254 254 254 254 254 254 254 254 253 244 205 134  61  16  14  74 153 226 248 252 253 251 248 245 246 248 251 252 252 251 250 248 247 244 241 237 215 141  64   6   2   2   1   1   1   5  27  72 132 184 218 235 245 250 253 254 254 254 254 254 254 254 254   0
   0 254 254 254 254 254 254 254 254 254 254 254 254 254 251 221 156  75  22   5  23  83 156 217 238 247 251 250 245 241 241 245 250 252 252 249 244 237 232 227 222 217 210 159  90  24   6   5   4   2   1   2   7  30  80 143 194 223 238 247 252 253 254 254 254 254 254 254 254   0
   0 254 254 254 254 254 254 254 254 254 254 253 253 253 242 185 104  32   5   4  33  94 165 215 236 247 251 249 243 239 240 245 249 252 252 249 244 236 229 221 213 206 202 180 128  62  22  12  13   9   4   2   3   9  39 100 163 209 228 242 249 253 254 254 254 254 254 254 254   0
   0 254 254 254 254 254 254 254 254 254 254 253 253 252 224 148  67  14   7  12  55 122 191 225 240 248 251 251 247 245 245 250 252 253 253 251 247 241 236 230 224 216 209 200 171 109  51  18  18  17  11   6   3   3  14  65 129 189 217 235 246 252 254 254 254 254 254 254 254   0
   0 254 254 254 254 254 254 254 254 254 253 252 252 251 201 118  42  12  12  31  91 168 224 244 250 252 253 252 250 250 251 253 253 253 253 253 253 252 250 247 242 235 226 217 203 155  88  32  17  21  18  12   4   2   4  38  98 164 206 227 242 250 253 254 254 254 254 254 254   0
   0 254 254 254 254 254 254 254 254 254 253 253 252 244 176  95  28  17  22  64 138 213 246 251 253 253 252 252 252 252 252 253 253 253 253 253 253 253 252 252 252 249 243 233 223 192 125  55  17  22  26  19   9   3   2  18  71 135 191 217 236 247 252 253 254 254 254 254 254   0
   0 254 254 254 254 254 254 254 254 254 253 253 252 229 151  75  23  19  40 104 185 241 252 252 253 252 252 252 252 252 253 253 253 253 253 253 253 253 252 252 252 252 251 246 237 224 163  91  34  27  33  26  15   6   2   7  48 108 172 208 229 243 251 253 254 254 254 254 254   0
   0 254 254 254 254 254 254 254 254 254 253 252 251 206 126  53  19  25  69 146 221 251 252 252 253 252 252 251 251 251 253 253 253 253 253 253 253 253 253 253 253 253 252 252 247 243 198 123  57  29  32  27  18  12   3   4  28  85 150 199 222 239 249 252 254 254 254 254 254   0
   0 254 254 254 254 254 254 254 254 254 253 253 244 178 101  35  20  41 105 185 242 252 253 253 253 253 252 249 249 250 253 253 253 253 253 253 253 253 253 253 253 253 253 253 252 252 226 148  74  24  22  22  18  16   5   3  14  64 126 186 215 234 247 252 254 254 254 254 254   0
   0 254 254 254 254 254 254 254 254 254 253 252 225 147  74  23  24  66 142 219 251 252 253 253 253 253 251 247 247 248 253 253 253 253 253 253 253 253 253 253 253 253 253 253 252 252 241 166  86  16   8  14  18  17   8   2   6  45 105 170 207 228 244 251 254 254 254 254 254   0
   0 254 254 254 254 254 254 254 254 254 253 246 194 113  48  18  35  95 176 240 252 252 253 253 253 253 250 245 245 248 253 253 253 253 253 253 253 253 253 253 253 253 253 253 252 252 249 180  97  16   2   9  17  16  10   2   3  30  87 152 200 223 240 249 253 254 254 254 254   0
   0 254 254 254 254 254 254 254 254 253 252 226 155  78  27  17  51 124 206 250 252 253 253 253 253 253 249 244 244 248 253 253 253 253 253 253 253 253 253 253 253 253 253 253 252 252 251 191 108  25   2   8  16  15  10   1   2  18  73 135 192 217 236 247 252 254 254 254 254   0
   0 254 254 254 254 254 254 254 254 253 242 191 109  45  17  19  69 149 228 252 253 253 253 253 253 253 248 243 243 248 253 253 253 253 253 253 253 253 253 253 253 253 253 253 252 252 252 199 116  32   2   8  15  15   8   2   2  11  62 123 184 211 233 246 252 254 254 254 254   0
   0 254 254 254 254 254 254 254 253 250 217 144  64  26  16  26  86 169 242 252 253 253 253 253 253 253 247 241 242 248 253 253 253 253 253 253 253 253 253 253 253 253 253 253 252 252 252 205 122  38   2  10  14  14   7   2   2   6  52 111 176 207 229 244 251 253 254 254 254   0
   0 254 254 254 254 254 254 253 253 239 180  97  28  19  18  36 100 183 248 252 253 253 253 253 253 253 246 241 241 248 253 253 253 253 253 253 253 253 253 253 253 253 253 253 253 253 252 209 125  42   2  11  13  14   5   2   2   4  46 104 170 204 227 243 251 253 254 254 254   0
   0 254 254 254 254 254 254 253 253 223 145  62  11  25  27  51 112 193 251 252 253 253 253 253 253 253 245 241 241 249 253 253 253 253 253 253 253 253 253 253 253 253 253 253 253 252 252 211 127  44   3  12  13  12   3   1   1   3  43 101 167 202 225 242 250 253 253 254 254   0
   0 254 254 254 254 254 253 253 252 205 122  40   6  24  30  58 122 199 252 253 253 253 253 253 253 253 245 242 241 249 253 253 253 253 253 253 253 253 253 253 253 253 253 253 253 253 252 210 126  43   5  13  12   9   1   1   1   3  43 101 167 202 225 242 250 253 253 254 254   0
   0 254 254 254 254 254 254 253 251 196 114  33   8  21  28  59 128 203 252 252 252 252 253 253 253 253 245 242 242 249 253 253 253 253 253 253 253 253 253 253 253 253 253 253 252 252 252 205 122  42  12  17  16  12   9   7   5   6  47 105 170 203 226 242 251 253 253 254 254   0
   0 253 253 254 254 254 254 253 251 203 130  67  51  55  44  57 124 200 249 252 252 252 253 253 253 253 246 243 242 250 253 253 253 253 253 253 253 253 253 252 253 253 253 253 252 251 249 193 113  36  14  14  12  10  12  18  18  20  57 113 175 204 227 243 251 253 253 254 254   0
   0 253 253 253 253 254 253 253 251 216 161 118 110 111  88  71 105 170 230 249 252 252 252 253 253 253 246 243 243 250 253 253 253 253 253 253 253 253 252 252 252 252 252 251 245 238 231 178 104  33  13  11   9   9  13  25  28  36  73 126 181 206 229 244 251 252 253 253 254   0
   0 253 253 253 253 253 252 252 247 220 185 164 167 169 144 107  94 124 182 227 248 252 252 253 253 253 245 243 243 250 253 253 253 253 253 253 253 253 252 252 252 252 252 247 233 220 211 171 103  34   7   4   2   3   6  23  34  60  97 145 184 207 229 243 250 252 253 253 254   0
   0 253 253 251 250 248 246 243 231 206 184 175 182 186 177 147 104  88 114 172 220 245 252 252 252 252 245 242 243 250 253 253 253 253 253 253 253 253 252 252 252 252 252 244 221 202 190 164 101  38   5   3   3   2   5  15  38  83 129 164 185 204 226 242 250 252 253 253 254   0
   0 252 248 237 225 217 212 208 197 182 173 175 184 187 186 175 138  90  71  98 159 211 242 251 252 252 248 245 245 250 253 253 253 253 253 253 253 253 252 252 252 252 251 240 213 193 183 163 101  40   4   3   3   3   5  18  58 115 160 176 182 198 221 238 248 252 253 254 254   0
   0 250 234 214 196 189 186 182 176 172 174 180 186 187 187 185 168 124  71  51  81 143 200 236 250 252 250 249 249 251 253 253 253 253 253 253 253 253 252 252 252 250 244 229 203 186 177 158 104  47  10   4   4   5  14  41  93 145 175 176 178 191 215 234 247 252 253 254 254   0
   0 245 218 191 171 169 168 168 170 175 180 184 187 187 187 186 183 158 105  50  33  67 126 186 227 248 252 252 252 252 253 253 253 253 253 253 253 253 252 252 252 248 235 217 192 180 172 159 121  76  42  30  29  36  52  87 132 166 179 173 173 184 208 230 245 251 253 254 254   0
   0 240 206 179 167 176 180 180 182 184 186 187 187 187 187 186 186 179 141  82  29  21  53 109 173 221 247 252 252 253 253 253 253 253 253 253 253 252 252 252 252 246 227 205 181 174 168 163 141 112  87  75  75  83 103 133 161 178 180 175 173 181 202 224 240 249 252 253 254   0
   0 239 205 180 170 181 185 186 187 187 187 187 187 187 187 186 186 186 168 118  57  15  13  43 101 174 227 251 252 253 253 253 253 253 253 253 253 252 252 252 252 245 226 202 177 170 165 166 157 144 132 124 125 133 149 165 177 183 184 179 175 177 193 215 234 244 250 252 254   0
   0 241 207 181 169 181 186 187 187 187 187 187 187 187 187 187 186 187 183 151  93  36   8  10  44 121 198 248 252 253 253 253 253 253 253 253 253 253 252 252 252 246 228 201 172 163 164 171 167 161 155 153 154 160 169 177 184 185 186 183 179 177 186 203 222 236 245 250 252   0
   0 244 212 185 169 179 186 187 187 187 187 187 187 187 187 187 187 187 187 174 129  69  22   5  18  94 176 245 252 253 253 253 253 253 253 253 253 253 253 252 252 248 227 189 157 150 164 175 176 172 168 166 167 171 177 182 186 187 186 185 182 178 181 191 207 222 235 244 249   0
   0 246 214 186 168 178 186 187 187 187 187 187 187 187 187 187 187 187 186 184 160 108  51  21  38 113 189 247 252 253 253 253 253 253 253 253 253 253 252 252 252 242 204 153 126 137 164 177 181 180 178 177 178 180 182 185 186 187 187 186 185 182 182 184 193 205 219 233 244   0
   0 247 216 187 168 178 186 187 187 187 187 187 187 187 187 187 187 187 186 185 178 145 104  84 109 169 217 250 252 253 253 253 253 253 253 253 253 252 252 251 241 207 147  96  94 127 165 179 184 184 184 184 184 184 184 185 186 187 187 187 186 185 184 183 183 189 203 221 236   0
   0 245 213 184 167 178 186 187 187 187 187 187 187 187 187 187 187 187 186 185 185 170 145 142 172 220 244 252 252 252 253 253 253 253 253 253 253 252 249 233 197 139  76  52  76 126 165 179 185 186 186 187 187 186 186 186 186 187 187 187 186 186 185 182 177 178 189 210 229   0
   0 239 206 177 167 179 186 186 186 187 187 187 187 187 187 187 187 187 186 185 185 182 173 178 199 231 248 252 252 252 252 252 253 253 253 253 251 240 214 173 119  63  25  31  75 128 164 179 185 186 187 187 187 187 186 186 187 187 187 187 186 184 181 175 169 172 184 206 227   0
   0 229 195 170 169 181 186 186 186 187 187 187 187 187 187 187 187 187 186 186 185 184 173 162 164 188 220 242 249 252 252 253 252 251 246 235 213 180 140  92  47  16   7  32  77 130 164 179 185 187 187 187 187 187 187 186 186 186 187 185 182 177 171 167 167 175 190 211 230   0
   0 218 185 163 171 181 185 185 185 186 187 187 187 187 187 187 187 187 186 186 185 183 174 152 132 129 148 173 192 204 208 207 201 193 179 158 132  98  60  27   8   3   7  35  81 131 163 179 185 187 187 187 187 187 186 185 185 184 182 177 171 167 165 168 175 188 204 222 237   0
   0 209 177 156 168 176 179 181 183 184 185 185 186 186 186 187 187 187 186 186 185 181 172 149 114  84  77  92 110 121 125 123 118 109  95  75  51  27  11   4   3   3   9  39  84 132 163 178 185 187 187 187 187 186 184 181 179 174 168 164 163 166 172 181 194 208 222 235 244   0
   0 211 177 151 154 160 164 168 171 173 176 179 181 182 184 185 186 186 186 186 185 180 168 146 111  66  32  20  29  38  41  40  34  27  18   9   4   3   3   3   3   3  11  40  84 129 158 175 183 185 186 186 185 182 177 171 165 160 158 161 168 178 191 203 215 226 236 244 250   0
   0 225 198 172 162 155 149 148 149 153 157 161 165 169 174 179 181 184 184 185 182 174 159 136 106  65  29   7   3   4   5   5   5   5   5   5   5   5   6   6   5   4  12  39  80 122 150 167 177 181 182 181 178 172 163 156 152 154 161 172 187 202 214 224 233 240 246 250 252   0
   0 241 225 205 188 176 164 155 147 141 137 135 138 144 152 160 166 171 174 175 171 161 142 119  92  60  39  32  39  48  54  59  60  60  60  60  60  61  61  56  51  42  40  51  78 111 137 155 165 171 171 169 162 153 145 144 150 164 179 196 210 222 232 240 245 248 251 252 253   0
   0 251 247 239 226 211 196 184 173 162 152 142 134 129 128 132 138 146 151 153 147 136 119  99  81  69  73  85 102 114 122 129 131 132 133 133 133 134 133 129 123 114 105  90  89  99 122 139 148 153 153 149 140 135 136 148 165 184 201 216 229 238 245 249 251 252 253 253 254   0
   0 252 251 249 245 241 234 226 214 202 189 175 164 152 143 132 124 119 118 119 116 107  94  87  89 101 125 148 171 185 196 203 206 208 209 209 209 210 209 205 200 192 180 148 115  95 103 117 127 131 128 123 121 129 146 167 187 205 220 233 241 247 251 253 253 253 254 254 254   0
   0 253 253 252 250 248 246 244 242 237 231 222 210 196 182 166 150 134 118 104  93  89  91 103 123 148 174 195 211 221 227 231 234 236 236 237 237 237 237 237 236 236 231 203 164 125 107 103 103 108 111 117 128 147 170 190 208 222 235 243 249 251 253 254 254 254 254 254 254   0
   0 254 254 254 253 252 252 251 250 248 246 244 241 236 228 215 196 175 156 138 126 122 128 145 167 189 206 218 230 237 242 245 247 248 248 248 248 248 248 248 248 247 246 235 210 177 149 136 130 131 134 143 158 177 197 211 225 236 245 249 252 253 253 254 254 254 254 254 254   0
   0   0   0   0   0   0   0   0   0   0   0   0   0   0   0   0   0   0   0   0   0   0   0   0   0   0   0   0   0   0   0   0   0   0   0   0   0   0   0   0   0   0   0   0   0   0   0   0   0   0   0   0   0   0   0   0   0   0   0   0   0   0   0   0   0   0   0   0   0   0
