  12   6   6   4   4  19  62 107  50  42  74  61  52  46  44  60  36   6   6   5   3   3   5   7  12   8   7   5   6   5   3   3   7   4   5   4   1   2   3   1   3   5   3   4   4   1   1   1   3   5   5   1   1   1   4   2   3   1   3   1
   1 226 227 233 236 230 222 234  63  63  63  65  67  68 178 218 228 217 227 233 234 232 230 203 174  41  11  22   6  12   4   4   6   3   4   2   3   2   2   3   3   4   4   5   7   4   4   7   5   6   7  12  13  14  34  34  35  59   1   6
   3 224 222 222 223 211 221  71  61  70  71  65  63  60 231 229 225 223 222 221 218 221 227 228 221  62  56  69  58  74 244 215 235 237 236 239 239 233 231 228 232 235 232 233 233 228 229 230 223 225 226 220 221 223 222 222 224 216   1   2
   5 231 228 224 222 217 126  72  55  67  60  63  71  74 216 221 222 222 220 219 227 227 227 226 151  66  66  67  71  63  70  61 129 229 218 224 223 223 223 226 225 224 225 221 216 227 222 218 223 224 225 222 223 224 220 220 221 223   1   1
   6 231 224 222 225 220  61  57  65  65  65  71  64 191 224 223 223 223 223 223 223 223 223 224 100  65  65  65  66  57  60  60  77  51 237 224 223 223 223 223 223 223 223 223 223 223 223 223 223 223 223 223 223 223 223 222 223 224   1   1
   8 230 224 222 225 239  70  68  64  65  66  57  64 232 223 223 223 223 223 223 223 223 223 224  42  65  65  64  65  56  58  70  69 234 223 212 224 224 224 224 224 224 223 223 223 223 223 223 223 223 223 223 223 223 224 223 224 214   1   1
   6 231 224 222 226 173  61  68  64  65  66  58  61 215 222 223 223 223 223 223 223 223 224 222  61  64  66  66  65  65  62  54 234 207 222 214 223 223 223 223 223 223 223 223 223 223 223 223 223 223 223 223 223 223 223 223 224 207   2   3
   6 230 221 226 219  60  57  74  65  65  66  62 100 220 223 224 223 223 223 223 223 217 221 226  68  67  69  56  64  60 170 211 223 223 223 223 223 223 223 223 223 223 223 223 223 223 223 223 223 223 223 223 223 223 223 223 223 205   4   1
   6 230 221 226 219  52  62  64  64  65  66  65 205 224 223 224 223 223 224 223 220 230 218 119  57  66  66  71  61  83 226 204 222 223 223 223 223 223 223 223 223 223 223 223 223 223 223 223 223 223 223 223 223 223 223 223 223 205   4   1
   6 230 221 226 220  71  66  70  65  65  66  62 232 221 223 224 223 223 223 223 233 218 197  59  67  63  68  62  70 227 236 213 223 223 223 223 223 223 223 223 223 223 223 223 223 223 223 223 223 223 223 223 223 223 223 223 223 205   4   1
  11 233 221 220 231  66  57  75  65  65  66  55 214 219 223 224 223 223 224 223 222 217  98  64  65  66  62  69  61 224 222 222 222 223 223 223 223 223 223 225 225 225 223 223 223 223 223 223 223 223 223 223 223 223 223 223 223 202   4   2
  10 233 221 220 231  74  65  68  64  65  65  63 231 228 223 224 223 223 223 223 224 222  70  65  65  66  70  70  55 224 223 223 223 223 223 223 223 223 223 223 223 223 223 223 223 223 223 223 223 223 223 223 223 223 223 223 223 199   3   2
   6 233 221 220 230  65  66  64  65  65  65  65 213 226 223 224 223 222 224 223 223 223  54  65  65  65  57  64 206 223 223 223 223 223 223 223 223 223 223 219 219 219 223 223 223 223 223 223 223 223 223 223 223 223 223 223 223 194   1   4
   6 232 221 220 230  52  60  67  64  65  65  57 226 225 223 224 223 223 224 222 220 221  70  65  65  65  74  54 235 223 223 223 223 223 223 223 224 224 224 235 235 235 224 223 223 223 223 223 223 223 223 223 223 223 223 223 223 192   1   4
   3 237 218 222 224  89  70  72  65  65  65  42 217 224 223 223 224 225 221 223 218 120  69  65  66  66  62 161 221 223 223 223 230 213 203 183  14  19  20  38  35  10   6 230 218 223 223 223 223 223 223 223 223 223 224 223 227 151   4   7
   3 237 218 222 224 169  60  71  65  65  66  81 225 225 223 223 222 219 228 220 181  77  67  65  66  65  65 235 231 223 223 223 222 234   5   4 211 243 154 175 222 220 164 173 228 223 223 223 223 223 223 223 223 223 224 223 227 132   5   2
   3 237 218 222 223 224  64  67  65  65  66  65  47 218 224 223 222 223 229 208  51  69  75  65  65  64  55 224 219 224 222 222 244   4 239 239   2   4   6 151  29 229 230 219 235 224 224 224 223 223 223 223 223 223 224 223 227  98   3   4
   3 237 218 222 223 214 161  60  55  64  68  59  67  63 180 233 212 215 233  85  65  65  65  63  62  56  82 214 220 224 222 223 129  11 242 217  15   5   3 231  18 221 226 219 228 223 223 223 223 223 223 223 223 223 225 223 220  97   5   1
   3 237 218 222 223 227 219 234  74  51  73  67  63  54  66  58  62 155  49  70  65  65  65  65  73  60 224 222 219 224 224 224 227 229  21   3  25 170  33 117 228 210 229 224 230 223 224 225 223 223 223 223 223 223 225 223 220  69   1   2
   3 237 218 222 223 218 211 231 223  69  64  67  60  62  73  64  69  79  71  57  66  65  65  66  63 121 232 223 225 224 224 223 217 237 223 230 139  35  97 229 237 233 155 223 217 223 223 223 223 223 223 223 223 223 225 223 220  52   1   3
   9 230 224 222 225 223 223 223 219 229  61  69  63  67  65  66  64  63  68  61  72  59  72  56  83 223 223 222 223 223 224 224 232 224 216 219 223 222 223 224 220 143 154 185 227 222 224 223 223 223 223 223 223 223 224 223 222  23   1   4
   9 230 224 222 225 223 223 223 214 224 227 208  44  61  63  64  62  67  65  66  67  55  73  68 213 230 223 223 223 223 223 223 226 226 232 223 207 169 156 155 161 167 161 156 224 222 224 223 223 223 223 223 223 223 223 223 221  15   1   3
   7 230 224 222 226 223 223 223 235 216 233 226 227 193  84  59  69  65  74  62  62  71 101 108 214 217 223 223 223 223 223 223 228 211 147 140 162 157 156 160 149 157 157 149 223 222 224 223 223 223 223 223 223 223 222 222 221   6   1   2
   4 225 224 223 223 223 224 224 223 223 223 223 223 223 224 225 224 224 224 224 225 225 224 224 223 223 223 223 224 223 223 222 218 223 152 161 159 160 160 160 161 161 162 160 235 222 224 223 223 223 223 223 223 223 225 216 224   4   1   0
   5 225 224 223 222 223 224 223 223 223 223 224 223 223 223 222 222 223 222 223 223 222 222 223 223 223 223 223 223 223 223 223 224 227 175 160 161 161 161 161 160 160 161 160 231 222 223 224 223 223 223 223 223 223 223 217 225   4   1   0
   7 225 224 223 222 223 223 223 223 223 223 223 223 223 223 223 223 223 223 223 223 223 223 223 223 223 223 223 223 223 224 224 224 220 228 157 161 161 161 161 161 160 159 157 220 223 223 224 223 223 223 223 223 223 218 220 229   4   1   0
   7 225 224 224 222 223 224 224 223 224 223 223 223 224 223 224 224 224 224 224 224 224 224 224 223 224 224 223 223 222 224 224 222 232 228 153 160 160 160 160 159 160 159 156 216 223 223 224 223 223 223 223 223 223 217 221 230   4   1   0
   3 224 223 223 224 222 223 224 223 132 214 222 207 208 224 224 223 222 222 223 222 222 223 223 224 224 224 224 224 223 223 223 226 222 226 213 164 165 155 160 159 161 161 162 168 226 221 223 223 223 223 223 223 223 222 224 235   3   2   0
   4 224 223 223 223 223 222 223 218 126 209 219 231 228 224 224 224 223 223 223 223 224 224 224 224 223 222 224 223 223 223 223 227 221 220 237 155 163 162 160 161 161 161 162 155 229 227 221 223 223 223 223 223 223 222 221 228   4   1   0
   7 224 223 223 223 223 223 223 219  91  42 214 242 216 223 223 225 224 223 224 226 221 224 223 222 223 224 224 223 223 223 223 220 218 226 217 156 162 157 161 162 160 162 163 142 225 233 229 223 223 223 223 223 223 222 219 222   4   1   0
   3 222 222 223 223 224 223 223 210  68  42  49  40  35 178 216  43 122 228 125  52 223 229 218 222 214 223 223 223 223 223 223 223 223 223 224 178 158 165 161 162 160 161 162 158 213 222 225 223 223 223 223 223 223 225 227 218   7   1   2
   2 222 222 223 223 224 223 224 216  53  57  36  44  39  39  46  38  41  50  57  38 248 175 210 227 220 223 222 222 223 223 223 223 223 223 223 233 165 156 161 161 161 161 162 159 182 224 219 223 223 223 223 223 223 224 224 222  23   1   5
   2 222 222 223 224 222 224 223 214  93 165 196 220 214 214 157  91  34  37  38  49  38  39  72  43 175 221 224 224 223 223 223 223 223 223 223 215 191 162 161 159 160 160 162 160 161 216 217 223 223 223 223 223 223 223 220 228  53   3   7
   5 221 222 223 223 223 224 223 222 223 224 223 223 223 222 223 223 229 182  41  39  40  43  42  39 183 134 232 213 223 223 223 223 223 223 223 218 228 170 166 162 163 161 161 161 149 231 219 223 223 223 223 223 223 225 223 221  69   1   1
   4 222 222 223 224 223 223 222 223 223 223 224 224 224 224 224 224 220 226 220 236  44  36  37  40 214 210 230 217 223 223 223 223 223 223 223 225 224 231 158 155 162 161 160 161 166 224 225 223 223 223 223 223 223 225 224 220 103   1   1
   3 222 222 223 223 223 222 223 224 224 225 222 223 222 223 224 224 215 228 226 230 232  42  26 228 222 226 224 223 224 223 223 223 223 223 223 225 223 227 156 162 163 161 160 161 160 225 227 223 223 223 223 223 223 225 224 220 136   1   4
   7 224 223 223 223 224 223 222 206 196 200 203 204 204 205 206 207 200 209 218 222 223 225 224 223 223 224 222 222 223 223 223 223 223 223 223 224 223 224 154 159 159 161 160 161 153 209 223 223 223 223 223 223 223 224 223 223 180   1   2
   6 224 223 223 223 224 224 223 165 170 172 169 169 169 167 167 168 168 202 227 222 218 224 224 223 224 223 224 223 223 223 223 223 223 223 223 224 224 223 166 160 160 161 161 161 160 189 219 223 223 223 223 223 223 223 223 223 190   1   2
   3 224 223 223 223 222 223 223 176 174 170 168 169 169 168 169 170 215 225 229 223 224 223 222 224 222 223 224 223 223 223 223 223 223 223 223 224 224 223 201 163 163 161 161 161 165 155 222 223 223 223 223 223 223 223 223 223 217   2   1
   4 223 223 223 223 223 223 223 193 171 162 166 166 167 169 170 172 221 229 219 223 223 225 224 224 223 222 222 224 223 223 223 223 223 223 223 224 224 222 214 163 165 161 160 161 163 150 227 223 223 223 223 223 223 223 223 223 227   3   1
   9 223 223 223 223 223 223 224 202 173 166 167 165 167 168 169 167 224 223 222 223 223 223 223 223 223 223 223 223 223 223 223 223 223 223 223 224 224 222 232 156 163 160 160 160 160 155 228 223 223 223 223 223 222 224 222 221 237   6   1
  18 223 223 223 223 223 223 224 204 173 167 167 165 167 168 169 167 224 223 222 223 223 223 223 223 223 223 223 223 223 223 223 223 223 223 223 223 224 223 230 163 165 161 160 160 159 156 228 224 223 221 221 223 224 223 222 221 236   3   3
  25 223 223 223 223 223 223 224 206 174 168 167 165 167 168 169 167 224 223 222 223 223 223 223 223 223 223 223 223 223 223 223 223 223 223 223 223 224 223 229 169 166 161 161 161 159 156 227 224 223 222 223 223 224 224 222 221 236   1   4
  42 223 223 223 223 223 222 223 214 170 164 167 165 167 168 168 170 224 223 222 223 223 223 223 223 223 223 223 223 223 223 223 223 223 223 223 223 223 222 223 200 161 161 161 160 161 153 171 210 218 233 222 223 228 223 221 222 237   3   7
  74 223 223 223 224 223 222 223 216 171 164 167 165 167 169 168 170 224 223 222 223 223 223 223 223 223 223 223 223 223 223 223 223 223 223 223 223 223 222 218 223 153 161 161 160 160 164 157 214 226 215 211 237 164 217 221 221 232   6   4
 126 223 223 223 224 223 222 223 218 172 164 167 165 167 170 169 171 224 223 222 223 223 223 223 223 223 223 223 223 223 223 223 223 223 223 223 224 223 222 229 222 162 160 161 160 162 158 161 170 202 195 167 161 158 231 218 219 224  11   0
 139 223 223 223 223 223 223 222 221 168 167 167 167 168 168 166 171 223 223 223 223 223 223 223 223 223 223 223 223 223 223 223 223 223 223 223 223 223 223 224 221 221 158 150 158 161 162 162 161 161 161 156 158 163 223 223 223 220   3   1
 169 223 223 223 223 223 224 222 223 169 168 167 166 167 167 166 193 223 223 223 223 223 223 223 223 223 223 223 223 223 223 223 223 223 223 223 223 223 223 223 222 223 156 165 162 161 160 160 161 159 160 163 157 159 223 223 223 222   1   1
 198 223 223 223 223 223 224 223 223 169 168 167 166 167 166 168 214 223 223 223 223 223 223 223 223 223 223 223 223 223 223 223 223 223 223 223 223 223 223 222 223 226 167 159 159 161 160 160 161 158 159 159 156 219 223 223 223 225   1   2
 225 223 223 223 223 223 224 222 223 165 167 168 166 166 165 168 223 223 223 223 223 223 223 223 223 223 223 223 223 223 223 223 223 223 223 223 223 223 223 223 223 223 226 161 170 158 166 164 167 156 160 159 222 220 223 223 223 220   1   1
 229 223 223 223 223 223 223 222 224 166 168 167 167 167 165 169 224 223 223 223 223 223 223 223 223 223 223 223 223 223 223 223 223 223 223 223 223 223 223 223 223 222 226 230 208 161 158 154 161 167 155 221 223 228 223 223 223 223   1   1
 200 223 223 223 223 223 223 222 225 167 168 167 167 168 167 170 224 223 223 223 223 223 223 223 223 223 223 223 223 223 223 223 223 223 223 223 223 223 223 223 223 223 223 216 226 226 221 183 161 144 209 223 228 216 223 223 223 227   1   1
 121 223 223 223 223 223 223 222 225 167 169 166 167 168 167 171 224 223 223 223 223 223 223 223 223 223 223 223 223 223 223 223 223 223 223 223 223 223 223 223 223 224 222 225 221 226 219 220 224 224 211 220 222 226 223 223 223 232   1   1
  65 222 222 223 224 222 223 223 224 170 166 166 166 167 170 176 220 223 223 223 224 224 223 223 223 223 223 223 223 223 223 223 223 223 223 223 223 223 223 223 223 223 223 223 223 223 223 223 223 223 223 224 224 223 224 223 223 234   1   1
   4 223 223 223 224 222 224 223 226 172 168 167 166 166 169 176 220 224 224 224 224 224 224 223 223 223 223 223 223 222 222 222 223 223 223 223 223 223 223 223 223 223 223 223 223 223 223 223 223 223 224 223 224 224 223 223 223 235   1   4
   3 223 223 223 223 222 223 223 226 172 168 167 166 166 169 176 221 223 223 223 223 223 223 223 223 223 223 223 223 223 223 223 223 224 224 224 223 223 223 223 223 223 223 223 223 223 223 223 223 223 223 223 223 222 223 223 223 236   1   6
   4 228 225 222 220 222 221 220 219 186 172 167 167 166 168 171 228 226 224 222 226 224 222 228 226 223 222 224 227 221 222 224 221 222 225 226 224 222 220 223 223 222 223 224 225 223 224 225 221 224 226 226 227 230 224 225 226 230   1   1
   7 224 223 223 222 221 227 229 225 190 156 162 165 167 169 172 221 221 226 229 223 222 220 225 222 219 224 222 219 212 215 219 223 226 233 235 232 225 222 218 217 215 219 224 227 220 222 223 222 226 228 219 220 222 223 224 225 234   1   5
   3 110 129 178 195 223 240 241 229 187 165 165 168 170 175 165 195 175 136 111  73  55  28   4   4   4   5   6   8   2   1   3   1   1   1   2   2   1   1   3   1   2   3   3   4   4   4   4  12  32  47  83  99 129 164 181 208 187   3   2
   1   3   3   3   3   2   3   3   3   8  12  10   9   8   8   5   3   2   2   2   1   1   1   1   1   1   1   0   0   0   0   0   1   1   1   1   1   0   0   1   1   0   1   1   0   0   1   1   1   1   1   1   1   1   3   3   3   1   1   1
