   1   1   1   1   1   1   1   1   1   1   1   1   1   1   1   1   1   1   1   1   1   1   3   3   2   2   3   4   2   7  16  21  36  48  31  30  17  17  17  13  10   5   3   5   3   3   2   2   1   1   1   1   1   1   1   1   1   1   1   1   1   1   1   1   1   1   1   1   1   1
   1   1   1   1   1   1   1   1   1   1   1   1   1   1   1   1   1   1   1   1   1   1   1   1   2   2   4  12  56 146 213 231 234 246 230 213 181 107  54  30  23  16  11   4   3   1   1   2   2   1   1   1   1   1   1   1   1   1   1   1   1   1   1   1   1   1   1   1   1   1
   1   1   1   1   1   1   1   1   1   1   1   1   1   1   1   1   1   1   1   1   1   1   1   1   6   5  37 155 246 251 252 251 254 253 253 250 251 249 219 137  58  34  21  16  10   4   3   2   1   1   1   1   1   1   1   1   1   1   1   1   1   1   1   1   1   1   1   1   1   1
   1   1   1   1   1   1   1   1   1   1   1   1   1   1   1   1   1   1   1   1   1   1   1   3   4  65 201 251 252 253 252 252 254 254 251 253 253 248 248 250 207  99  44  33  17  10   5   2   1   1   1   1   1   1   1   1   1   1   1   1   1   1   1   1   1   1   1   1   1   1
   1   1   1   1   1   1   1   1   1   1   1   1   1   1   1   1   1   1   1   1   1   1   4   5  35 200 253 253 254 254 254 254 254 254 254 252 247 212 199 233 252 235 122  50  36  20   8   4   1   1   1   1   1   1   1   1   1   1   1   1   1   1   1   1   1   1   1   1   1   1
   1   1   1   1   1   1   1   1   1   1   1   1   1   1   1   1   1   1   1   1   1   1   3  10 143 249 253 254 254 254 254 254 254 254 253 253 240 186 142 188 231 250 229 101  56  36  15   7   3   1   1   1   1   1   1   1   1   1   1   1   1   1   1   1   1   1   1   1   1   1
   1   1   1   1   1   1   1   1   1   1   1   1   1   1   1   1   1   1   1   1   1   1   3  46 227 251 254 254 254 253 254 254 254 254 252 254 241 182 155 190 219 243 249 200  79  53  30  14   3   1   1   1   1   1   1   1   1   1   1   1   1   1   1   1   1   1   1   1   1   1
   1   1   1   1   1   1   1   1   1   1   1   1   1   1   1   1   1   1   1   1   1   1   2 121 253 253 252 253 253 253 253 253 253 253 250 253 241 209 217 236 244 251 252 247 130  68  43  23   7   2   1   1   1   1   1   1   1   1   1   1   1   1   1   1   1   1   1   1   1   1
   1   1   1   1   1   1   1   1   1   1   1   1   1   1   1   1   1   1   1   1   1   1  14 189 251 252 254 253 253 254 254 254 254 254 253 255 249 247 252 254 253 254 254 252 204  80  58  29  15   5   1   1   1   1   1   1   1   1   1   1   1   1   1   1   1   1   1   1   1   1
   1   1   1   1   1   1   1   1   1   1   1   1   1   1   1   1   1   1   1   1   1   1  24 219 249 253 252 254 253 252 254 254 254 254 255 255 254 252 252 254 253 252 253 251 239 115  68  41  20   8   2   2   2   1   1   1   1   1   1   1   1   1   1   1   1   1   1   1   1   1
   1   1   1   1   1   1   1   1   1   1   1   1   1   1   1   1   1   1   1   1   1   1  49 246 252 252 248 245 248 254 254 254 254 254 252 254 252 244 235 249 254 253 252 253 253 148  74  51  24  11   2   2   2   1   1   1   1   1   1   1   1   1   1   1   1   1   1   1   1   1
   1   1   1   1   1   1   1   1   1   1   1   1   1   1   1   1   1   1   1   1   1   1  53 251 251 249 251 239 219 244 251 252 253 251 252 239 221 230 223 212 252 254 254 254 253 173  79  56  30  14   4   3   1   1   1   1   1   1   1   1   1   1   1   1   1   1   1   1   1   1
   1   1   1   1   1   1   1   1   1   1   1   1   1   1   1   1   1   1   1   1   1   1  51 247 253 221 145 157 232 228 252 250 254 247 190 129  99  93 178 230 242 254 254 254 254 191  87  63  33  16   5   3   1   1   1   1   1   1   1   1   1   1   1   1   1   1   1   1   1   1
   1   1   1   1   1   1   1   1   1   1   1   1   1   1   1   1   1   1   1   1   1   1  52 252 241 132  60  55 126 240 251 252 253 187  88  55  40  42  81 212 250 254 254 254 253 203  92  65  39  18   6   2   1   1   1   1   1   1   1   1   1   1   1   1   1   1   1   1   1   1
   1   1   1   1   1   1   1   1   1   1   1   1   1   1   1   1   1   1   1   1   1   1  51 249 204  51  56  35  14 174 252 252 243  82   9  45 121  61  19 119 247 253 253 254 253 224  96  69  41  20   7   2   1   1   1   1   1   1   1   1   1   1   1   1   1   1   1   1   1   1
   1   1   1   1   1   1   1   1   1   1   1   1   1   1   1   1   1   1   1   1   1   1  51 250 158  72 218 169  42 105 251 241 231  53  24 213 221 159  66  36 231 253 253 253 253 226  99  71  43  19   8   1   1   1   1   1   1   1   1   1   1   1   1   1   1   1   1   1   1   1
   1   1   1   1   1   1   1   1   1   1   1   1   1   1   1   1   1   1   1   1   1   1  46 244 143 135 247 181 125  92 240 220 216  63  81 254 245 207 136  15 210 253 253 253 253 227 100  71  43  19   8   1   1   1   1   1   1   1   1   1   1   1   1   1   1   1   1   1   1   1
   1   1   1   1   1   1   1   1   1   1   1   1   1   1   1   1   1   1   1   1   1   1  23 215 152 124 248 233 165 134 187 181 193 125  95 250 253 249 145  14 205 254 254 253 253 228 101  73  44  19   8   1   1   1   1   1   1   1   1   1   1   1   1   1   1   1   1   1   1   1
   1   1   1   1   1   1   1   1   1   1   1   1   1   1   1   1   1   1   1   1   1   1  20 215 191  58 228 232 153  99  76  84 106 101  85 224 248 235  71  35 227 253 253 253 253 231 105  74  46  21   7   2   1   1   1   1   1   1   1   1   1   1   1   1   1   1   1   1   1   1
   1   1   1   1   1   1   1   1   1   1   1   1   1   1   1   1   1   1   1   1   1   1  20 215 233  57  94 132  93  76  74  68  75  67  58  76 131 100  29 124 249 253 253 253 253 245 121  77  50  25   7   2   1   1   1   1   1   1   1   1   1   1   1   1   1   1   1   1   1   1
   1   1   1   1   1   1   1   1   1   1   1   1   1   1   1   1   1   1   1   1   1   1  20 213 250 157 119  97  79  78  71  66  51  48  49  56  58  63  81 147 238 253 253 253 253 247 122  80  51  28   9   3   1   1   1   1   1   1   1   1   1   1   1   1   1   1   1   1   1   1
   1   1   1   1   1   1   1   1   1   1   1   1   1   1   1   1   1   1   1   1   1   1  17 199 219 136 110  86  76  72  67  60  50  46  52  54  53  60  76  73 212 252 254 253 253 249 139  79  56  31  11   4   1   1   1   1   1   1   1   1   1   1   1   1   1   1   1   1   1   1
   1   1   1   1   1   1   1   1   1   1   1   1   1   1   1   1   1   1   1   1   1   1   6 165 186 120 101  81  74  73  63  54  51  51  51  52  76 104 108 104 223 252 252 252 253 251 178  84  61  34  13   4   1   1   1   1   1   1   1   1   1   1   1   1   1   1   1   1   1   1
   1   1   1   1   1   1   1   1   1   1   1   1   1   1   1   1   1   1   1   1   1   1   6 165 213 141  92  80  71  68  61  54  53  57  65 100 113 100  96 119 232 252 234 234 250 252 227 101  67  42  19   7   2   1   1   1   1   1   1   1   1   1   1   1   1   1   1   1   1   1
   1   1   1   1   1   1   1   1   1   1   1   1   1   1   1   1   1   1   1   1   1   1   5 169 249 191 144  92  68  60  56  60  82 107 132 107 102 102 105 138 242 252 213 146 197 246 250 140  73  49  25   9   1   1   1   1   1   1   1   1   1   1   1   1   1   1   1   1   1   1
   1   1   1   1   1   1   1   1   1   1   1   1   1   1   1   1   1   1   1   1   1   1   5 163 252 146 119 150 129 109 116 124 122 113 109 108 113  85  64  66 202 251 247 154 129 194 251 210  84  60  36  16   3   1   1   1   1   1   1   1   1   1   1   1   1   1   1   1   1   1
   1   1   1   1   1   1   1   1   1   1   1   1   1   1   1   1   1   1   1   2   3   2  13 184 248 124  66 120 141 101  98 104 109 118 125 103  73  63  47  49 147 248 254 218 148 207 251 248 154  73  50  27  10   2   3   1   1   1   1   1   1   1   1   1   1   1   1   1   1   1
   1   1   1   1   1   1   1   1   1   1   1   1   1   1   1   1   1   1   1   1   3   4  70 238 248 126  62  67 111 144 138 138 142 127  92  70  62  35  10   7  48 228 252 251 244 252 252 253 228  92  60  37  15   5   2   1   1   1   1   1   1   1   1   1   1   1   1   1   1   1
   1   1   1   1   1   1   1   1   1   1   1   1   1   1   1   1   1   1   1   4   4  17 187 251 231  66  39  68  63  76  93  98  83  71  66  58  32   7   3   3   4 127 251 251 251 254 251 252 252 162  74  50  28  12   4   1   1   1   1   1   1   1   1   1   1   1   1   1   1   1
   1   1   1   1   1   1   1   1   1   1   1   1   1   1   1   2   2   1   3   4   3 116 241 249 133   9  16  55  67  64  63  64  67  62  45  23   8   2   3   3   5  25 220 250 252 253 252 254 250 234 110  65  41  20   8   4   1   1   1   1   1   1   1   1   1   1   1   1   1   1
   1   1   1   1   1   1   1   1   1   1   1   1   1   1   1   6   2   2   2   4  69 236 242 208  30   3   2  28  64  67  64  64  55  29  13   3   1   1   1   1   1   2 118 254 254 254 254 254 254 251 194  76  56  28  17   6   1   1   1   1   1   1   1   1   1   1   1   1   1   1
   1   1   1   1   1   1   1   1   1   1   1   1   1   1   1   1   1   3   3  32 211 252 245  94   2   3   1   7  28  47  50  37  18   3   4   4   3   1   1   1   1   4  32 231 252 254 254 254 254 251 245 139  68  46  25  12   4   1   1   1   1   1   1   1   1   1   1   1   1   1
   1   1   1   1   1   1   1   1   1   1   1   1   1   1   1   2   3   1  17 189 250 251 187  10   2   3   2   1   1  10   7   2   3   4   1   1   0   1   1   1   1   1   9 178 254 254 254 254 254 252 253 236 128  60  43  20  11   4   1   2   1   1   1   1   1   1   1   1   1   1
   1   1   1   1   1   1   1   1   1   1   1   1   1   1   1   1   3   8 149 248 253 245  87   5   3   2   2   1   4   4   2   2   2   2   2   2   2   2   2   2   2   1   4 118 253 253 252 251 254 254 254 253 222 100  58  38  17  10   4   3   1   1   1   1   1   1   1   1   1   1
   1   1   1   1   1   1   1   1   1   1   1   1   1   1   1   4   9 113 244 248 253 220  51   8   2   2   1   0   4   3   6   2   0   1   1   4   2   1   1   2   5  13  17  71 248 253 253 254 253 254 254 254 251 215  98  58  31  15   8   2   1   1   1   1   1   1   1   1   1   1
   1   1   1   1   1   1   1   1   1   1   1   1   1   1   1   5  73 235 252 252 253 200  70  28  10   3   3   5  16  22  25  17   6   5   5   4  12  18  23  25  33  44  41  48 222 253 253 255 253 254 254 254 253 250 203  83  53  28  16   5   3   1   1   1   1   1   1   1   1   1
   1   1   1   1   1   1   1   1   1   1   1   1   1   1   2  16 191 249 251 251 248 167  88  57  30  12   5   4   9  27  17  10   4   2   3   4  18  35  51  55  60  63  63  47 103 240 251 233 248 254 254 254 251 250 250 165  67  46  25  11   4   2   1   1   1   1   1   1   1   1
   1   1   1   1   1   1   1   1   1   1   1   4   4   1   5  87 248 251 253 253 245 133  49  20   5   4   2   1   7  16   3   2   2   2   2   2   3   5   8  17  31  46  60  61  34 135 248 232 214 232 251 252 253 253 254 234  88  61  34  17   6   1   1   1   1   1   1   1   1   1
   1   1   1   1   1   1   1   1   1   1   1   2   4   1   6 158 250 245 231 251 207  45  13   3   2   2   2   1   4   7   2   2   2   2   2   2   2   2   1   1   1   6  25  46  57  36 208 253 248 223 221 252 253 253 253 254 147  74  49  24  11   3   2   1   1   1   1   1   1   1
   1   1   1   1   1   1   1   1   1   1   1   4   2   4  13 214 250 215 242 250  86   5   4   3   2   3   3   3   2   2   2   2   2   2   2   2   2   2   3   5   5   5   2  12  41  44 100 248 252 244 221 234 252 254 252 253 220  86  61  37  17   5   3   1   1   1   1   1   1   1
   1   1   1   1   1   1   1   1   1   1   1   3   4   3  61 248 239 223 251 191  12   2   3   3   2   2   3   4   4   3   2   2   2   2   2   2   2   4   3   2   2   4   3   5   9  38  35 210 247 216 229 217 246 253 253 253 245 123  73  45  23   7   3   2   1   1   1   1   1   1
   1   1   1   1   1   1   1   1   1   1   1   2   3   3 137 249 211 243 246  77   6   2   3   2   2   2   5   2   4   3   2   2   2   2   2   2   2   2   2   2   2   2   2   2   2   5   5 140 240 195 209 230 225 252 251 253 251 183  79  56  32  12   5   2   1   1   1   1   1   1
   1   1   1   1   1   1   1   1   1   1   1   3   5  10 213 239 221 251 181  13   4   2   4   2   2   2   3   4  10   3   2   2   2   2   2   2   2   2   2   2   2   2   2   2   2   5   4  74 237 223 236 249 211 246 252 252 252 228  95  64  40  17   7   2   1   1   1   1   1   1
   1   1   1   1   1   1   1   1   1   1   1   3   2  70 250 217 240 245  90   4   6   1   2   2   2   2   2   6  17   3   2   2   2   2   2   2   2   2   2   2   2   2   2   2   3   2   1  28 237 251 254 252 228 237 253 252 254 247 134  72  48  21   7   1   1   1   1   1   1   1
   1   1   1   1   1   1   1   1   1   1   2   2   6 167 247 212 251 203  22   5   3   2   3   2   2   2   2  10  19   3   2   2   2   2   2   2   2   2   2   2   2   2   2   2   2   4   3   7 211 252 254 252 236 225 254 252 253 252 178  80  58  29  12   4   1   1   1   1   1   1
   1   1   1   1   1   1   1   1   1   2   2   3  58 240 238 226 255 134   3   2   3   2   2   2   2   2   2  14  17   2   2   2   2   2   2   2   2   2   2   2   2   2   2   2   3   5   4   2 184 253 253 253 236 226 254 255 254 251 206  88  65  36  16   6   2   1   1   1   1   1
   1   1   1   1   1   1   1   1   1   2   2  13 169 246 222 250 244  63   5   2   3   2   2   2   2   2   2  17  17   2   2   2   2   2   2   2   2   2   2   2   2   2   2   2   3   3   3   3 159 253 253 253 236 236 253 253 254 253 230 102  70  41  19   6   2   1   1   1   1   1
   1   1   1   1   1   1   1   1   1   2   2  87 244 253 216 252 222  29   3   2   3   2   2   2   2   2   3  21  18   2   2   2   2   2   2   2   2   2   2   2   2   2   2   2   2   3   2   2 143 253 253 253 231 240 251 253 254 252 240 116  75  47  23   7   2   1   1   1   1   1
   1   1   1   1   1   1   1   1   4   2  29 204 252 254 207 254 195  11   4   2   3   2   2   2   2   2   3  24  17   1   2   2   2   2   2   2   2   2   2   2   2   2   2   2   3   4   3   2 133 252 252 254 224 244 252 254 254 253 250 134  78  52  26   9   2   2   2   1   1   1
   1   1   1   1   1   1   1   4   1   2 100 250 252 249 198 247 177   6   4   2   3   2   2   2   2   2   2  24  16   2   2   2   2   2   2   2   2   2   2   2   2   2   2   2   2   1   2   4 126 254 251 253 224 251 254 254 254 253 250 133  79  53  27  10   2   2   2   1   1   1
   1   1   1   1   1   1   1   2   2   4 146 249 252 237 171 234 157   3   2   2   3   2   2   2   2   2   2  25  13   3   2   2   2   2   2   2   2   2   2   2   2   2   2   2   3   3   2   2 124 254 254 244 230 255 254 254 254 253 250 133  79  53  27  10   2   2   2   1   1   1
   1   1   1   1   1   1   1   2   4   6 184 253 251 251 217 225 147   3   2   2   2   2   2   2   2   2   2  25  11   5   2   2   2   2   2   2   2   2   2   2   2   2   2   2   2   3   2   5 140 252 252 233 241 254 252 254 254 253 250 133  79  54  27  10   2   2   2   1   1   1
   2   2   2   1   1   1   1   2   3   7 173 250 241 241 247 224 145   5   3   5   4   1   5   2   2   2   2  24  10   2   2   2   2   2   2   2   2   2   3   3   3   2   2   2   3   4   4   5 169 246 223 227 242 229 231 232 244 251 236 110  76  50  25   8   3   1   2   1   1   1
   2   2   2   2   1   1   1   3   3   6  84 163  94  89 168 240 167  22   5   3   4   4   2   2   2   2   2  24  10   2   2   2   2   2   2   2   2   2   3   3   3   2   3   2   4   9   8  15 209 236 246 252 253 252 247 236 180 228 219  98  74  48  23   7   4   2   3   1   1   1
   3   2   2   2   3   2   2   3   2   8  64  89  74  67  72 155 235 153  26   4   3   3   2   2   2   2   2  24  10   2   2   2   2   2   2   2   2   2   3   3   3   2   7   2  12  54  54  62 170 246 250 251 253 253 252 250 202 222 186  92  73  47  22   7   4   2   3   1   1   1
   3   2   2   3   4   4   4   7   6  36 102  80  70  68  68  73 157 244 170  34   5   3   4   2   2   3   2  26  12   2   2   2   2   2   2   2   2   2   3   3   3   2   2   3  33  80  59  54 126 251 252 251 254 254 253 240 227 204  85  86  75  49  25   9   4   2   3   1   1   1
   3   2   2   4  10  16  20  24  40  90  96  77  69  66  68  68  80 192 248 197  59   3   5   5   4   3   4  20  14   2   2   2   2   2   2   2   2   2   3   3   3   3   4   4  35  83  67  68 157 250 251 252 252 250 252 248 240 121  63  75  81  53  32  14   4   2   2   1   1   1
   2   4   4  44  85  96 103 110 108  97  83  73  68  67  69  70  69  99 222 249 227  89   5   3   2   2   3   3   6   4   2   2   2   2   2   2   2   2   3   3   3   5   3  10  42  86  71  79 150 247 251 252 253 251 250 249 173  71  72  80  90  64  40  16   6   2   2   1   1   1
   3   2  24 103  92  83  85  85  82  76  72  67  68  68  67  69  69  66 135 244 252 243 128  18   5   2   3   1   2   4   2   2   2   2   2   2   2   2   3   3   3   3  14  53  72  86  75  87 120 203 246 250 250 250 239 178  97  78  76  82  95  74  46  22   8   2   2   1   1   1
   2   5  42 102  82  72  74  71  69  67  68  68  68  68  68  67  72  68  73 195 249 252 247 176  37   5   3   4   3   2   2   2   2   2   2   2   2   3   3   3   3   5  23  60  67  94  81  90 108 124 162 181 181 165 136 105  84  76  70  78  95  79  53  25  10   3   3   1   1   1
   3   4  51 105  80  70  69  68  68  68  68  68  68  68  68  67  71  69  65 111 237 252 250 248 201  47   4   3   2   2   2   2   2   2   2   2   2   3   3   3   3   2  29  60  75  99  82  87 100 111 116 119 118 110 101  81  74  71  70  71  84  83  61  37  18   8   4   2   1   1
   3   5  31 101  83  72  68  67  68  68  68  68  68  68  68  68  69  69  66  67 169 251 251 252 249 172  15   3   2   3   2   2   2   2   2   2   2   3   2   3   3   3  21  61  79 107  85  81  85  93  99 103 101  95  87  74  68  68  69  70  75  89  79  48  29  14   6   4   1   1
   2   2  28 102  86  73  68  66  68  68  68  68  68  68  68  69  68  68  68  68  85 220 252 249 252 233  32   3   1   4   2   2   2   2   2   2   2   2   2   3   3   4  12  51  98 113  87  75  76  83  87  88  87  84  76  69  68  70  69  67  72  76  86  66  48  29  18   9   4   3
   4   5  17  95  89  74  69  67  68  68  68  68  68  68  68  68  68  68  68  72  68 131 243 251 250 222  26   3   2   3   2   2   2   2   2   2   2   2   3   2   2   4  13  84 178 111  87  72  72  73  76  78  78  76  73  70  68  68  68  68  70  70  76  78  69  52  32  18   8   3
   5   5  16  97  91  73  67  67  68  68  68  68  68  68  68  68  68  68  69  73  69  71 181 242 188  70   3   3   3   3   2   2   2   2   2   2   2   2   4   3   3   4  68 220 194 111  87  72  70  69  69  68  68  68  68  69  68  68  68  68  69  71  70  67  77  74  54  35  17   6
   4   3  17  98  92  72  67  67  68  68  68  68  68  68  68  68  68  68  69  70  72  66  93  83   6   5   3   3   3   2   2   2   2   2   2   2   2   2   6   5   6  95 235 249 186 113  86  72  70  71  69  68  68  69  71  72  68  68  68  68  68  70  69  69  73  86  73  48  25   9
   3   4  32 109  89  70  69  69  68  68  68  68  68  68  68  67  68  68  69  71  70  70  71 114  36   5   3   3   3   3   2   2   2   3   2   2   3   4   4  24 139 245 251 247 180 114  86  73  67  68  68  68  68  68  69  69  68  68  68  68  68  68  71  76  86  94  76  52  29  10
   4   6  67 109  85  70  69  70  70  69  68  67  67  67  67  68  68  68  69  69  69  71  72  98 124  31   4   5   4   4   4   4   3   2   2   3   2  18  97 205 250 252 252 244 175 116  85  74  69  68  68  68  68  68  67  67  68  68  68  66  70  72  80  95 101  90  69  47  23   9
   4  13 102  97  78  71  69  68  69  68  67  68  68  68  68  68  68  68  69  69  69  71  80  93 149 173  74  19   6   4   1   2   2   3  13  47 109 190 245 250 253 253 252 239 170 115  86  73  69  68  68  68  67  68  69  69  72  69  69  72  79  91 101 100  82  69  52  33  16   7
   1  28 112  94  81  74  72  71  71  70  69  69  69  69  69  68  68  68  69  69  69  71  78  98 136 204 241 211 170 140 127 138 155 174 207 236 251 249 250 251 253 253 251 232 164 115  88  72  69  68  68  68  67  68  70  72  73  71  80  95 106 104  90  76  62  49  31  16   8   3
   4  32 121 107  95  88  86  81  77  76  75  71  71  71  69  70  68  69  69  69  69  72  84  99 135 186 243 252 252 252 253 254 252 252 253 253 252 252 253 252 250 252 251 227 160 117  91  74  69  68  68  69  67  69  74  78  86  95 116 113  92  74  63  51  37  25  18   7   3   2
   7  10  77 121 127 121 113 109 103  99  94  89  81  79  75  72  68  71  69  69  68  73  89 115 144 181 235 254 254 252 253 253 253 254 254 254 254 254 253 251 253 252 253 226 169 129 101  84  75  72  70  72  73  80  88 102 111 121  98  80  69  53  39  29  21  11   7   4   2   2
   3   5  10  28  57  96 121 137 137 131 128 122 117 111  97  89  80  76  71  73  76  89 107 136 160 188 239 252 251 249 243 243 243 243 243 243 243 243 242 241 248 251 250 229 175 141 115  96  85  80  77  80  88  96 110 129 116  88  76  59  43  29  18  10   8   5   5   2   1   1
   5   3   6  10  17  25  36  59  84 112 139 152 155 145 137 126 115 108  99  94  99 114 135 159 176 210 224 159 141 129  94  92  89  87  87  87  87  86  85  94 121 129 159 184 187 152 131 114 103  99  98 105 114 128 140 119  86  72  52  34  23  14   8   3   3   3   2   1   1   1
   3   3   2   5  10  14  17  22  26  32  45  64  97 125 152 161 152 142 136 136 138 149 162 177 189 168 121  76  65  54  46  43  39  37  36  36  36  35  35  35  35  37  38  71 190 169 146 132 125 125 123 132 140 152 112  81  68  50  34  19  10   6   3   1   1   1   2   1   1   1
   1   1   1   1   2   4   5   7   9  14  18  20  28  34  51  81 131 166 177 174 173 177 186 193 138  82  74  57  42  32  24  21  18  15  14  14  14  15  15  15  15  18  16  21 100 188 179 160 148 149 149 165 163 108  80  63  46  29  17   8   5   3   1   1   1   1   1   1   1   1
   1   1   1   1   2   2   3   3   3   5   6  10  12  13  19  23  33  56 100 144 184 179 146 104  75  63  51  34  22  13   9   7   5   5   5   5   5   5   5   5   5   4   6   8  14  56 127 175 175 175 158 124  88  69  60  44  28  15   8   3   2   1   1   1   1   1   1   1   1   1
   1   1   1   1   2   2   2   2   2   2   2   2   3   6   5   9  11  18  25  31  45  54  50  53  48  37  29  16   9   4   3   2   1   1   2   2   2   2   2   2   2   1   5   2   5  12  22  36  48  58  53  56  53  44  34  23  17   7   4   2   2   2   2   2   1   1   1   1   1   1
