 254 249 253 254 254 254 252 254 254 254 253 253 251 251 248 253 251 254 253 252 251 252 253 255 255 255 255 255 255 255 253 250 248 254 254 251 253 253 254 254 254 252 251 248 251 255 254 254 253 254 254 254 254 254 251 249 254 250 253 254
 252 254 254 254 254 254 253 251 251 251 251 252 254 254 251 250 252 250 254 254 254 254 254 254 254 254 254 253 254 254 254 254 252 254 254 254 254 254 253 252 249 252 254 252 249 244 252 254 254 254 254 254 254 254 254 254 254 254 252 254
 254 196  39  32  31  41  48  50  50  50  53  56  61  63 104 123 157 158 186 203 232 240 249 251 251 251 251 252 251 251 248 232 202 186 152 119  75  65  38  28  18  19  19  18  23  31  35  33  30  35  32  28  23  21  20  19  25  21  68 254
 252 220  31  34  32  31  31  32  32  32  32  32  32  32  28  28  28  35  35  35  33  34  34  31  30  26  25  20  27  33  37  33  27  34  35  35  32  32  32  32  34  34  34  33  34  36  32  32  32  32  32  32  32  32  32  32  29  30  47 252
 253 221  33  35  33  32  32  32  32  32  32  32  32  32  32  32  32  32  32  32  32  32  33  39  38  35  34  31  34  36  28  31  35  32  31  31  32  32  32  32  33  33  33  34  34  37  32  32  32  32  32  32  32  32  32  32  30  31  74 252
 251 221  33  35  32  31  32  32  32  32  32  32  32  32  31  31  31  30  30  30  31  32  33  30  32  37  38  33  33  33  30  31  32  30  30  30  31  32  32  32  31  32  31  32  38  24  32  32  32  32  32  32  32  31  32  32  31  32  91 252
 254 241  32  31  32  32  32  32  32  32  32  32  32  32  32  32  32  32  32  32  32  32  32  32  32  32  32  32  32  32  32  32  32  32  32  32  32  32  32  32  33  31  31  27  91  97  92  96  36  35  27  39  29  32  31  33  25  33 126 254
 254 242  34  32  32  32  32  32  32  32  32  32  32  32  32  32  32  32  32  32  32  32  32  32  32  32  32  32  32  32  32  32  32  32  32  32  32  32  32  32  32  32  32  32  18  94  97  98  99  33  32  27  33  31  31  32  28  35 156 254
 254 243  35  33  32  32  32  32  32  32  32  32  32  32  32  32  32  32  32  32  32  32  32  32  32  32  32  32  32  32  32  32  32  32  32  32  32  32  32  32  32  34  32  33  44  88  99  92  96  96  34  32  35  31  32  32  29  36 172 254
 250 248  29  30  32  32  32  32  32  32  32  32  32  32  32  32  32  32  32  32  32  32  32  32  32  32  32  32  32  32  32  32  32  32  32  32  32  32  32  32  32  34  33  22  40  60  94  95  96  95 100  46  44  32  31  32  29  27 208 254
 250 249  30  31  32  32  32  32  32  32  32  32  32  32  32  32  32  32  32  32  32  32  32  32  32  32  32  32  32  32  32  32  32  32  32  32  32  32  32  32  32  32  32  37  29  53  94  96  97  99  88 111  31  32  32  32  31  29 223 254
 252 250  32  32  32  32  32  32  32  32  32  32  32  32  32  32  32  32  32  32  32  32  32  32  32  32  32  32  32  32  32  32  32  32  32  32  32  32  32  32  32  31  31  45  41  85  94  94  94  88  94  94  31  32  32  32  34  33 243 254
 254 248  25  37  32  32  32  32  32  32  32  32  32  32  32  32  31  32  30  32  32  32  32  32  31  31  31  32  34  26  30  36  38  36  30  28  32  36  33  28  27  27  28  84  98  94  93  95  95  91 101  72  35  32  32  32  30  32 251 254
 254 251  26  33  32  32  32  32  32  32  32  32  32  32  32  32  31  32  31  32  31  31  31  31  32  32  32  34  28  22  33  31  39  24  31  30  46  66 100 105 100  99  99 102  91  97  93  95  95  89  97  34  36  32  32  32  31  33 251 254
 254 251  27  28  32  32  32  32  32  32  32  32  32  32  32  32  31  32  32  32  33  33  33  33  33  32  32  29  26  30  42  73  94 106  89  95 102  95  90  92  95  96  96  94  95  93  94  94  94  97  94  29  29  32  32  32  32  35 251 255
 251 248  22  39  32  32  32  32  32  32  32  32  32  32  37  27  20  27  25  38  28  31  32  20  24  35  39  87 100 113  97  96  95  94  94  94  94  94  94  94  95  95  94  95  95  95  97  93  96  85  47  29  34  32  32  32  30  28 251 255
 251 250  22  34  32  32  32  32  32  32  32  32  32  32  25  82  36  36  31  32  70  99 106  95  95  98  99  93  93  92  93  93  93  94  95  95  95  94  94  95  95  95  94  94  94  94 105  90  96  94  25  39  30  32  32  32  31  31 252 254
 252 251  23  30  32  32  32  32  32  32  32  32  32  31 249  91  25  29  26 100 101  94  98  93  94  96  96  94  94  93  94  94  95  94  94  94  94  94  94  94  95  94  94  94  94  95  97  99  88  29  29  32  33  32  32  32  32  36 252 254
 250 251  20  31  32  31  32  32  32  32  30  32  36  20 245  35  26  34  45  22 112  88  98  94  95  95  95  94  94  95  95  94  95  92  93  92  96  95  92  90  92  90  89  94 102  93  34  32  29  32  33  32  31  32  32  32  33  40 253 255
 252 252  23  30  32  31  32  32  32  32  30  32  36  20 220  33 226 237  27  18  35  94 106  94  95  94  96  96  94  93  93  94  96  93 100  93  96  95  92  92  99  92  86  55  32  33  34  33  32  32  32  32  32  32  32  32  32  38 254 254
 254 252  27  29  32  31  32  32  32  32  30  32  36  20 217  80 104  24 138  26  31 100  95  95  94  94  95  95  95  94  94  94  94  89  97  99 101  89  54  41  23  25  26  32  37  26  31  32  33  32  32  32  32  32  32  32  32  37 252 254
 252 253  24  32  32  31  32  32  32  32  32  32  32  31 235 101 249 252 222 158  32  99  99  95  94  94  95 100  93  98  90  99  93  85  24  28  31  32  32  33  33  32  32  33  33  33  32  32  32  32  32  32  32  32  32  32  35  33 254 255
 253 253  22  32  32  31  32  32  32  32  32  32  32  31 236  12 251 250  85 220  33  86  98  95  94  94  95  90  92  93  97  90  64  27  31  32  32  31  31  31  31  31  31  32  32  32  32  32  32  32  32  32  32  32  32  32  33  30 254 255
 254 252  16  32  32  31  32  32  32  32  32  32  32  31 241  44 253 240 230 116  32  48  93  96  94  94  95  91 100  99  77  22  40  37  30  30  31  31  31  31  31  32  32  32  32  31  32  32  32  32  32  32  32  32  32  32  31  23 253 254
 251 253  16  31  31  43  41  32  32  32  32  32  32  32  72 251  16  38 252  25  36  32 115  94  95  98 102  42  18  38  31  32  32  32  32  32  32  32  32  32  32  32  32  32  32  32  32  32  32  32  32  32  32  32  32  31  29  20 253 254
 250 251  19  37  18  32  33  32  32  32  32  32  32  32  52 250  16  13 234  32  39  23 108 103  80  27  27  29  35  29  32  32  32  32  32  32  32  32  32  32  32  32  32  32  32  32  32  32  32  32  32  32  32  32  32  31  30  22 254 254
 251 252  18  26 204  21  48  32  32  32  32  32  32  32  42  21 251 244  26  18  31  29  44  32  28  35  23  33  34  37  32  32  32  32  32  32  32  32  32  32  32  32  32  32  32  32  32  32  32  32  32  32  32  32  32  31  33  29 254 254
 248 249  20 126 178 186  21  32  33  32  33  32  32  32  25  33  11 126  28  38  23  29  27  37  31  31  33  29  28  35  32  32  32  32  32  32  32  32  32  32  32  32  32  32  32  32  32  32  32  32  32  32  32  32  32  32  34  32 254 254
 252 251  40 194 195 185 201  44  51  42  33  32  32  32  32  32  33  32  31  32  31  32  32  33  32  31  31  32  32  32  32  32  32  32  32  32  32  32  32  32  32  32  32  32  32  32  32  32  32  32  32  32  32  32  33  32  31  36 252 255
 252 251  11 185 195 197 193  85  29  19  33  32  32  32  32  32  33  33  31  31  31  32  32  32  32  31  31  32  32  32  32  32  32  32  32  32  32  32  32  32  32  32  32  32  32  32  32  32  32  32  32  32  32  32  33  32  33  40 254 255
 250 243 181 192 198 199 190 195 172  28  31  31  32  32  32  32  31  31  31  31  32  32  32  32  32  32  33  32  32  32  32  32  32  32  32  31  32  32  32  32  32  32  32  32  32  32  32  32  32  32  32  32  32  32  33  32  34  43 253 255
 249 249 197 184 189 190 190 191 194 185 194 200  49  20  34  24  36  35  36  30  32  32  32  31  32  32  32  31  32  32  32  33  31  42  38  32  33  32  32  31  32  32  32  32  32  32  32  32  32  32  32  32  32  32  32  32  28  36 247 255
 250 233 186 188 190 191 189 199 184 193 186 185 191 201  94  20  31  41  33  32  33  32  32  32  32  32  32  31  31  31  32  33  31  23  25  31  33  31  31  33  32  32  32  32  32  32  32  32  32  32  32  32  32  32  32  32  31  33 249 255
 248 244 199 189 190 190 189 186 189 187 193 185 198 181 193 190 200 173  31  23  32  32  32  32  32  32  31  31  33  31  32  32  34 121  45  29  31  32  32  33  32  32  32  32  32  32  32  32  32  32  32  32  32  32  32  32  33  31 250 254
 247 214 193 189 190 190 191 188 189 192 189 189 190 190 189 190 191 199 195 134  32  25  38  32  32  32  31  31  32  32  41  35  80  72  41  33  32  31  33  32  32  32  32  32  32  32  32  32  32  32  32  32  32  32  32  32  32  36 251 254
 243  81  34 104 155 213 194 187 198 188 190 190 190 190 189 189 190 193 182 192 172  42  41  32  32  32  32  31  31  33  33  28 212 216 215  27  32  32  31  31  32  32  32  32  32  32  32  32  32  32  32  32  32  32  32  32  29  33 251 254
 248  52  27  29  31  31  33  29 136 196 191 190 190 190 190 190 190 192 190 189 199 187 147  31  32  32  31  32  31  32  37  45 183 213 218 229  31  31  33  31  32  32  32  32  32  32  32  32  32  32  32  32  32  32  32  32  27  30 251 254
 250  25  28  28  32  32  31  34  37  58 157 185 201 185 186 188 180 190 190 190 183 182 154  31  33  32  31  32  31  31  26  80 216 212 219 213  30  31  32  30  32  32  32  32  32  32  32  32  32  32  32  32  32  32  31  32  33  35 227 254
 252  23  34  28  32  32  32  38  25  37  38  33  32  34 135 178 186 190 190 190 196 200 184  30  33  32  31  33  31  34  32   7 217 215 211  23  32  37  31  32  32  32  32  32  32  32  32  32  32  32  32  32  32  31  31  32  31  33 200 254
 252  21  37  28  32  32  32  32  35  22  33  31  32  35  37  74 204 190 190 189 183 188 193  30  32  32  31  33  32  29 203 217 206 216  19  25  33  33  32  32  32  32  32  32  32  32  32  32  32  32  32  32  32  31  31  32  29  32 182 254
 250  22  34  36  32  32  32  32  32  32  32  32  32  33  32  35  47 170 185 198 194 189 193  31  32  32  31  32  32  31 130 198 217 214  35  29  37  28  26  36  33  33  33  33  33  33  32  32  32  32  32  32  32  32  31  32  33  26 144 253
 249  28  33  35  32  32  32  32  31  32  31  32  31  31  34  27  26  22 206 184 187 190 181  31  33  32  31  33  32  32  27 205 218  73  29  27  46  53  30  26  32  32  32  32  32  32  32  32  32  32  32  32  32  32  31  32  31  29 119 253
 249  38  32  33  32  32  32  32  32  32  32  32  33  32  30  36  32  40 100 176 192 188 190  31  32  32  31  33  32  31 133 214 221  26  35  40  55  87  40  34  31  31  31  31  31  31  32  32  32  32  32  32  32  32  31  32  29  34  80 253
 219  27  30  33  32  32  32  32  32  32  32  32  32  32  31  33  33  43 193 186 191 193 186  31  33  32  31  32  31  30 212 217 164  32  31  31  48  87  85  83  88  88  88  85  85  84  84  62  41  32  31  31  31  35  35  34  27  34  60 252
 195  37  26  34  32  32  32  31  31  31  31  31  31  31  32  32  32  22 197 191 189 191 196  30  33  32  31  31  31  32  39 209  98  32  31  31  49  88  86  85  86  86  86  87  87  86  89  89  87  87  86  85  84  79  79  79  84  83  90 250
 211  77  24  39  31  32  33  32  32  32  32  32  32  32  32  32  31  75 189 182 190 192 171  31  32  32  32  31  31  32  77 216  41  33  31  32  50  88  87  86  87  87  87  87  86  85  87  88  89  90  90  88  88  85  86  86  87  86  80 247
 209 187 195 181  64  23  40  35  31  34  36  27  29  30  31  30  37 192 201 193 188 194  62  32  32  32  31  47  27  39 220 216  41  32  31  33  51  86  86  88  88  88  88  88  88  88  87  88  88  89  88  87  87  88  89  89  89  88  85 247
 203 188 192 184 191 191 194 155  50  23  41  24  42  29  38  30 208 188 192 195 192 211  28  32  32  32  32  48  24  13 215 211  35  32  31  32  51  86  86  89  90  90  90  90  90  90  88  89  89  89  88  88  88  89  89  89  88  90  87 246
 194 190 190 192 184 198 197 193 190 193 200 192 190 198 213 174 190 196 188 188 186  47  29  32  31  32  32  33  36  41 206 219  59  32  31  33  52  86  87  89  88  88  88  88  88  88  88  88  88  87  88  88  89  89  88  88  88  93  90 245
 181 192 184 195 190 189 189 189 189 189 189 190 190 190 190 189 189 187 182 191 194  28  22  32  32  32  32  41  46 213 213 198  90  31  32  30  55  83  85  93  89  88  87  91  91  91  88  87  87  88  87  87  86  89  87  87  83  99  90 243
 213 192 185 188 190 190 190 190 190 190 190 190 190 190 190 190 190 191 204 186  26  31  39  32  32  32  31 123 129 164 187 202 162  32  32  31  59  85  81  84  82  82  81  85  84  83  87  86  86  90  89  88  88  85  83  83  69  65  68 247
 205 192 194 200 190 191 191 190 191 190 190 191 190 191 190 190 190 200 181  32  36  41  20  32  32  32  32  32  37  36  45  39  41  33  32  31  49  90  79  62  53  51  49  41  39  37  34  32  32  32  31  30  30  31  29  29  36  30  26 252
 148  21 184 183 198 187 187 181 191 185 180 187 191 188 183 184 188 195  21  24  32  32  32  31  32  32  31  31  32  32  32  31  32  32  33  32  33  32  32  32  31  31  31  32  32  32  33  33  32  33  33  33  33  32  32  32  35  26  14 252
 193  33  34 129 194 185 194 198 193 189 198 190 189 195 185 195 191  94  36  44  32  32  32  31  31  32  31  32  33  32  32  32  31  31  32  33  32  31  32  32  32  32  32  33  33  33  32  31  31  31  32  32  32  32  31  32  34  28  15 252
 236  25  44  38  35  16  82 195 203 184 189 181 190 203 166  86  31  41  28  37  32  32  32  32  32  32  32  33  32  32  31  31  33  32  32  32  31  31  33  32  32  32  32  32  32  32  32  32  32  32  32  32  32  33  33  33  33  34  32 253
 251  19  32  33  30  30  29  36  36  35  24  24  25  25  31  31  32  32  32  32  30  30  29  32  33  33  33  31  32  32  32  32  31  32  31  32  32  32  32  32  32  32  32  32  31  31  32  32  32  32  32  32  32  31  31  32  35  33  60 252
 251  22  33  31  33  33  33  29  29  29  35  35  35  35  33  33  33  33  33  33  33  33  33  32  32  32  31  32  32  32  32  32  32  32  32  32  32  32  32  32  32  32  32  32  32  32  32  32  32  32  32  32  32  32  32  32  33  32  77 252
 249  28  33  27  31  31  31  34  34  34  34  34  34  34  37  37  37  37  37  37  31  31  31  31  31  31  31  32  32  32  33  33  33  33  33  33  32  32  32  32  32  32  32  32  32  32  32  32  32  32  32  32  32  33  32  32  30  32 126 252
 249  29  31  24  24  25  24  25  25  25  22  22  22  23  18  18  18  18  18  18  25  25  25  30  30  30  30  31  31  31  33  33  33  34  33  33  31  31  31  32  32  32  32  32  32  32  32  32  32  32  32  32  32  33  32  32  27  31 145 252
 243 254 252 250 249 247 249 249 249 249 244 245 249 249 252 252 252 252 252 252 246 246 248 251 250 248 248 252 251 248 252 253 253 250 251 252 248 249 252 251 246 237 230 213 181 129 116  86  57  30  26  55 134 190 251 252 251 248 252 254
