 254 254 254 254 254 254 254 254 254 254 254 254 254 254 254 254 254 254 254 254 254 254 254 254 254 254 254 254 254 254 254 254 254 254 254 254 254 254 254 254 254 254 254 254 254 254 254 254 254 254 254 254 254 254 254 254 254 254 254 254 254 254 252 252 249 246 245 246 248 252 253 253 254 254 254 254 254 254
 254 254 254 254 254 254 254 254 254 254 254 254 254 254 254 254 254 254 254 254 254 254 254 254 254 254 254 254 254 254 254 254 254 254 254 254 254 254 254 254 254 254 254 254 254 254 254 254 254 254 254 254 254 254 254 254 254 254 254 254 254 254 251 247 238 230 226 232 239 247 252 253 254 254 254 254 254 254
 254 254 254 254 254 254 254 254 254 254 254 254 254 254 254 254 254 254 254 254 254 254 254 254 254 254 254 254 254 254 254 254 254 254 254 254 254 254 254 254 254 254 254 254 254 254 254 254 254 254 254 254 254 254 254 254 254 254 254 254 253 251 246 237 220 207 203 208 222 239 248 251 253 254 254 254 254 254
 254 254 254 254 254 254 254 254 254 254 254 254 254 254 254 254 254 254 254 254 254 254 254 254 254 254 254 254 254 254 254 254 254 254 254 254 254 254 254 254 254 254 254 254 254 254 254 254 253 253 253 253 253 252 252 252 253 253 253 252 251 249 237 223 201 182 179 186 203 224 237 248 250 253 253 254 254 254
 254 254 254 254 254 254 254 254 254 254 254 254 254 254 254 254 254 254 254 254 254 254 254 254 254 254 254 254 254 254 254 254 254 254 254 254 254 254 254 254 254 254 254 254 254 254 254 254 253 253 253 253 254 253 253 253 253 253 253 252 247 241 226 203 181 169 161 165 186 206 230 244 250 252 254 254 254 254
 254 254 254 254 254 254 254 254 254 254 254 254 254 254 254 254 254 254 254 254 254 254 254 254 254 254 254 254 254 254 254 254 254 254 254 254 254 254 254 254 254 254 254 254 254 253 253 253 253 253 253 253 252 251 251 251 251 249 247 245 237 226 207 186 178 182 169 154 173 193 218 234 247 252 254 254 254 254
 254 254 254 254 254 254 254 254 254 254 254 254 254 254 254 254 254 254 254 254 254 254 254 254 254 254 254 254 254 254 254 254 254 254 254 254 254 254 254 254 253 253 253 254 251 249 249 248 246 245 245 245 247 248 248 246 241 239 233 230 218 207 189 177 188 186 179 160 155 179 204 226 245 252 254 254 254 253
 254 254 254 254 254 254 254 254 254 254 254 254 254 254 254 254 254 254 254 254 254 254 254 254 254 254 254 254 254 254 254 254 254 254 254 254 254 254 253 252 252 250 248 248 243 239 236 232 229 228 228 228 230 232 233 230 223 215 209 202 194 176 169 179 185 186 184 175 154 165 192 216 237 247 252 254 254 253
 254 254 254 254 254 254 254 254 254 254 254 254 254 254 254 254 254 254 254 254 254 254 254 254 254 254 254 254 254 254 254 254 254 254 254 254 253 254 252 250 248 243 238 234 226 219 214 208 203 202 202 201 205 207 208 206 202 191 181 176 172 166 179 185 184 185 187 183 164 151 181 202 226 241 249 252 254 253
 254 254 254 254 254 254 254 254 254 254 254 254 254 254 254 254 254 254 254 254 254 254 254 254 254 254 254 254 254 254 254 254 254 254 254 252 251 249 244 238 232 223 215 207 197 190 185 180 177 176 176 176 179 181 182 180 174 165 160 160 171 180 183 185 186 187 187 185 176 149 163 186 212 232 245 250 253 253
 254 254 254 254 254 254 254 254 254 254 254 254 254 254 254 254 254 254 254 254 254 254 254 254 254 254 254 254 254 254 254 254 253 252 253 250 244 238 231 218 210 199 191 183 175 167 153 139 121 122 122 122 145 157 163 169 180 175 173 177 184 185 188 187 187 187 187 189 183 160 142 175 196 221 236 247 252 253
 254 254 254 254 254 254 254 254 254 254 254 254 254 254 254 254 254 254 254 254 254 254 254 254 254 254 254 254 254 254 254 254 254 251 247 239 230 221 206 194 182 176 160 121  77  49  25  15   5   5   5   5  19  36  69 170 192 183 179 185 185 186 186 187 187 187 187 187 186 175 139 157 179 203 221 238 247 251
 254 254 254 254 254 254 254 254 254 254 254 254 254 254 254 254 254 254 254 254 254 254 254 254 254 254 254 254 254 254 254 254 251 245 240 227 209 194 181 169 132  72  27   8   3   4   2   3   2   2   2   2   4  27  33  51 134 184 177 179 184 187 185 187 187 187 187 187 186 184 160 134 167 183 205 226 240 248
 254 254 254 254 254 254 254 254 254 254 254 254 254 254 254 254 254 254 254 254 254 254 254 254 254 254 254 254 254 254 254 251 244 238 224 202 188 167 108  35  10   4   3   1   2   1   1   1   1   1   1   1  11  75  53  28  15  82 158 171 181 187 187 187 187 187 187 187 183 182 169 144 139 169 187 209 227 238
 254 254 254 254 254 254 254 254 254 254 254 254 254 254 254 254 254 254 254 254 254 254 254 254 254 254 254 254 254 251 249 243 235 217 197 172  90  21   1   2   2   2   3   3   3   0   2   2   1   1   1   1  23  19   5  15   7   6  77 150 174 181 186 185 186 183 186 188 186 183 177 153 126 136 174 192 211 232
 254 254 254 254 254 254 254 254 254 254 254 254 254 254 254 254 254 254 254 254 254 254 254 254 254 254 252 253 251 247 238 230 212 197 157  52   5   1   2   3   2   4   3   2   1   1   2   4   3   1   1   3  24   8   3   2   3   5  16 119 154 168 179 182 187 184 186 188 186 185 181 167 145 115 143 175 195 221
 254 254 254 254 254 254 254 254 254 254 254 254 254 254 254 254 254 254 254 254 254 254 254 254 254 254 253 250 243 235 227 209 195 155  40   5   5   2   2   1   2   3   9  18  30  29  19  15  11   4   0   1  26   3   2   1   5   4   5  90 145 160 171 179 187 186 187 187 187 187 186 175 159 127 103 147 186 211
 254 254 254 254 254 254 254 254 254 253 253 254 254 254 254 254 254 254 254 254 254 254 254 253 254 252 245 240 227 214 199 187 127  33   4   2   4   2   2   3   9  30  44  27  19  19  19  24  31  31  25  14  13   2   2   1   3   2   5  74 137 154 168 177 187 187 187 187 188 188 188 182 167 141 115  92 167 202
 254 254 254 254 254 254 254 254 254 253 253 252 252 253 253 254 254 254 253 253 252 251 251 248 246 239 228 218 205 190 179 116  19   2   1   1   1   3   3  21  38  25   6   3   3   2   2   2   1   2  11  22  28   3   4   4   3   3   5  74 136 152 167 177 187 187 187 187 187 187 186 183 175 150 123  90 131 199
 254 254 254 254 254 254 254 254 254 253 253 251 250 249 248 247 247 247 248 248 246 244 242 236 230 219 205 195 181 145  61  10   2   1   1   1   1   4  34  34  26  46  19   1   1   2   2   2   3   4   1   3  32   9   5   3   4   4   9  93 139 156 168 179 186 186 187 187 187 187 187 185 178 157 132 106  97 202
 254 254 254 254 254 254 254 253 250 247 244 241 239 237 235 236 236 236 234 230 227 224 221 213 206 195 182 163  93  21   4   4   3   1   1   1   1  23  32  11  39  60  32   4   3   2   2   2   3   1   1   3   9  19   9   4   5   8  52 131 144 162 172 182 186 184 187 187 187 187 187 183 175 156 130 106  80 197
 254 253 254 254 254 252 252 248 240 235 231 225 222 216 214 212 212 211 209 205 204 199 194 188 182 171 101  27   3   5   1   1   1   1   2   2   7  41   7   3   8  15  18  18  44  71  96 112 122 129 131 115  86  46  85 129  98 105 135 147 155 170 179 183 185 185 188 186 186 186 186 180 170 152 130 107  80 207
 253 253 253 253 251 248 241 232 226 214 204 199 192 190 186 184 184 182 181 178 175 176 171 154 115  45   7   2   3   1   1   1   1   4   1   0  22  23   2   7  45 115 181 227 248 253 252 253 253 251 253 250 250 240 193 201 187 176 168 165 168 174 180 183 183 183 182 181 182 183 181 171 159 141 123  95  80 219
 253 254 252 250 247 240 225 212 197 187 181 176 168 163 159 156 155 154 150 134 133 116  77  28   5   4   4   3   4   3   1   1   1   3   2   2   4   7  47 155 220 250 251 254 252 251 252 253 252 253 253 253 251 247 201 196 188 184 180 174 173 170 168 168 168 169 169 170 169 167 164 154 140 124 109  76 128 233
 252 254 251 245 235 219 202 187 175 140 107  82  64  52  31  29  28  27  24  10   8   6   4   3   9  61  48   3   1   2   1   1   1   2   2   2  15 120 219 211 217 250 250 253 251 250 252 252 251 254 252 252 251 246 201 175 172 169 169 161 156 148 142 144 144 142 141 139 140 140 138 126 114 103  86  67 199 243
 252 252 245 238 219 199 176 125  51  16   2   2   1   2   2   2   2   2   2   2   2   2   2   5  58 126 107  11   4   3   1   3   1   2   7  33 152 221 198 214 246 253 253 252 253 252 252 253 252 253 252 253 252 251 243 222 220 213 183 188 180 176 157  77  61  69  75  80  85  91  95  86  80  68  65 155 241 250
 250 251 239 222 205 154  55   8   3   4   2   1   1   1   1   2   2   2   2   2   2   2   3  21 109 101  37   4   4   5   1  24  77 137 184 207 208 194 209 243 250 253 253 253 253 253 253 253 253 253 253 253 253 253 253 252 251 245 202 195 195 194 204 171  35   6   8  11  16  23  28  29  26  71 184 234 247 253
 252 244 234 211 133  26   6   3   1   2   3   1   1   1   2   2   2   1   2   2   2   1   3  21  42   8   1   3   4  35 137 223 246 251 238 214 192 195 230 253 252 253 253 253 253 253 253 253 253 253 253 253 253 252 248 253 251 252 241 232 226 234 243 242 187  20   4   3   3   4   4   2   5  96 217 239 249 250
 250 239 221 156  20   5  12   4   1   3   2   1   1   1   2   2   2   1   2   2   2   3   3   3   3   4   7  27 128 230 253 251 254 254 242 211 192 209 249 250 251 253 253 253 253 253 253 253 253 253 253 253 253 253 253 253 252 250 252 250 253 252 251 251 251 160  10   3   2   2   3   3   4 126 218 237 251 254
 245 232 197  48   3  24  36  11   2   2   1   3  13   5   8  24  45  50  28   6  17  43  32  23  13  53 108 207 251 250 254 254 254 253 250 222 195 224 254 250 253 253 253 253 253 253 253 253 253 253 253 253 252 252 252 252 252 252 252 252 252 252 252 253 252 249 116   5   2   2   5   2   7 134 220 240 250 253
 242 225 118   5  22  67  65  19   1   1   6  43  25  43 136 219 240 241 220 131 108 182 151 136 117 189 206 248 252 252 254 254 254 253 253 230 200 238 254 250 253 253 253 253 253 253 253 253 253 253 253 253 252 252 252 252 252 252 252 252 252 252 252 253 252 250 231  50   5   4   3   4  14 161 220 240 250 253
 238 201  36   7  56 113 100  38   3   3  20  32  77 174 236 189 119 110 184 226 174 179 147 159 150 191 208 245 252 252 254 254 254 253 254 232 204 247 254 252 252 253 253 253 253 253 253 253 253 253 253 253 252 252 252 252 252 252 252 252 252 253 253 252 251 249 251 158  10   5   2   2  13 170 220 240 250 253
 238 148   6   7  43  69  73  46   8   3  11  25 162 213 194  96  48   6  20 155 192 195 151 155 153 170 192 220 248 253 254 254 254 253 254 237 220 250 253 253 251 253 253 253 253 253 253 253 253 253 253 253 253 253 253 253 253 253 253 252 252 252 253 253 253 253 251 237  65   6   3   1  12 169 220 240 250 253
 238  74   4   2   8  15  14  14   6   1   3  34 156 215 134  34  10   2   7 124 197 202 179 142 153 142 182 193 223 247 254 252 255 253 253 243 237 252 253 253 253 253 253 253 253 253 253 253 253 253 253 253 253 253 253 253 253 253 253 253 253 253 253 253 253 253 252 253 146   4   3   1  12 168 219 241 250 253
 225  42   5   2   3   2   1   2   0   0   1  16 126 200 210  42   1   5  31 179 199 201 203 155 148 147 152 185 197 232 252 251 254 253 251 251 251 253 253 253 253 253 253 253 253 253 253 253 253 253 253 253 253 253 253 253 253 253 253 253 253 253 253 253 253 253 253 252 208  19   2   1  12 168 219 241 250 253
 224  25   2   4   1   2   3   5   2   0   3   3  65 167 246 231 174 160 170 197 206 203 204 190 123 146 130 163 189 210 242 251 254 253 254 250 252 253 253 253 253 253 253 253 253 253 253 253 253 253 253 253 253 253 253 253 253 253 253 253 253 253 253 253 253 253 253 253 242  48   2   1  12 168 219 241 250 253
 207   9   2   1   1   1   1   2   1   1   1   4   8  68 173 202 192 130 154 188 207 209 204 198 148 142 137 128 184 193 226 252 251 253 254 250 253 253 253 253 253 253 253 253 253 253 253 253 253 253 253 253 253 253 253 253 253 253 253 253 253 253 253 253 253 253 252 253 252  81   3   1  12 168 218 240 250 254
 219  21   1   1   1   1   1   2   1   1   1   2   1   2  12  24  39  62 149 180 204 205 204 202 173 133 146 113 172 188 200 237 252 253 255 249 251 253 253 253 253 253 253 253 253 253 253 253 253 253 253 253 253 253 253 253 253 253 253 253 253 253 253 253 253 253 253 252 253 100   3   2  12 166 216 237 250 254
 234  24   4   3   1   1   1   2   1   1   1   3   5   3   3  14  35  74 171 187 189 195 201 201 195 131 151 117 157 191 191 218 253 253 253 238 245 253 253 253 253 253 253 253 253 253 253 253 253 253 253 253 253 253 253 253 253 253 253 253 253 253 253 253 253 253 253 251 253 117   1   2  12 163 212 234 248 253
 239  42   3   3   1   1   1   2   1   1   1   4   3   4   3   4  15  68 179 181 184 188 192 194 199 139 157 117 162 192 191 205 248 253 249 230 238 252 253 253 253 253 253 253 253 253 253 253 253 253 253 253 253 253 253 253 253 253 253 253 253 253 253 253 253 253 253 251 254 128   2   2  12 161 209 231 246 252
 248 109   4   2   1   1   2   2   1   3   1  11  27  15  81 150 163 121 156 179 177 183 182 187 195 146 154 111 179 191 188 208 245 251 252 233 228 239 248 253 252 252 252 252 252 253 253 253 254 253 252 250 253 253 253 253 253 251 251 253 253 252 251 252 252 253 252 251 251 115   3   3   6 126 201 223 242 251
 253 199   9   3   1   1   1   2   2   2   7  36  23 129 241 213 130  90 102 162 176 179 181 184 187 126 114 144 192 188 191 227 254 251 251 239 246 248 251 253 251 251 245 238 236 238 238 237 238 239 242 244 245 245 245 243 241 249 253 252 253 253 254 253 252 252 252 251 249  85   3   1   4 114 190 213 233 246
 251 243 100   4   2   1   1   2   2   1  10  16  98 200 220  86  74  22  23 123 158 169 174 175 163 105 135 188 187 200 227 248 254 254 255 250 251 254 254 252 251 253 251 249 245 241 238 234 231 231 230 230 231 231 231 229 235 252 254 251 252 252 252 252 252 252 252 250 236  44   3   1   3  96 179 198 221 239
 252 251 218  54   2   2   1   3   1   3   7   4 110 195 199  37   8   7  27 161 136 145 154 163 111 136 189 193 216 239 253 254 253 253 254 252 250 253 253 252 252 250 252 253 253 253 253 252 252 253 253 253 253 253 253 253 251 252 252 252 251 240 223 229 252 252 252 251 181  14  12  20  16  31 134 181 204 226
 253 253 250 190  55   6   4   2   3   2   3   6  34 123 204 183 120 131 197 198  98 119 135 114  64 109 131 129 189 246 252 252 252 253 253 252 243 251 253 252 253 253 253 253 253 253 253 253 253 253 253 253 253 253 253 252 252 253 253 250 208  83  22  33 185 250 250 224  82  51  69  74  67  45  87 173 192 218
 253 253 249 251 220 112  28   2   4   6   3   4   2  14  51  97 112 103  64  22   5  36  69  42   6   3   7   7  24 122 225 253 253 252 253 245 225 250 253 253 253 253 253 253 253 253 253 253 253 253 253 253 253 253 253 253 251 253 250 218  54   6   3   5  67 249 219 131 106 119 120 111  95  79  66 117 180 207
 252 254 254 252 250 245 209 134  66  36   9   4   8   3   6   5  11  40  40  40  42  56  90  90  86  92  71  17   4   6  47 161 245 250 247 227 198 235 252 252 252 253 253 253 253 253 253 253 253 253 253 253 253 253 253 253 250 252 237  79   7   3   6   4  13 172 141 157 162 157 156 140 119  96  78  62 151 202
 252 254 254 254 251 252 252 253 241 231 206 202 204 203 204 204 209 232 235 235 235 238 249 249 250 250 242 185  68  14  13  10  68 168 204 185 167 206 242 251 252 252 251 253 252 253 253 253 253 253 253 253 250 253 253 251 250 250 127   8   5   4   3  12  74 162 184 183 175 177 171 166 148 120  93  69 109 205
 254 254 254 254 254 254 254 254 254 254 254 254 254 254 254 254 254 254 254 254 254 254 254 254 254 254 253 251 238 139  19   3   4  10  35  55  88 122 210 250 253 253 253 254 253 253 253 253 253 253 253 253 254 251 252 252 252 166  12   3   3   4  35 124 184 189 185 184 184 184 183 182 166 141 106  78  76 201
 254 254 254 254 254 254 254 254 254 254 254 254 254 254 254 254 254 254 254 254 254 254 254 254 254 254 252 252 251 252 186  44   5   2   2   2   7  10  48 169 243 249 251 249 252 252 252 252 252 252 252 253 251 251 252 250 196  28   3   6  18  86 170 187 186 183 185 186 186 186 186 187 179 156 117  82  71 210
 254 254 254 254 254 254 254 254 254 254 254 254 254 254 254 254 254 254 254 254 254 254 254 254 254 254 253 254 251 251 251 223  66   7   7   3   4   2   4   5  64 178 242 251 250 253 253 253 253 253 253 253 250 252 251 221  58   6  11  60 144 188 187 183 182 185 184 186 186 186 186 186 182 161 119  81 111 224
 254 254 254 254 254 254 254 254 254 254 254 254 254 254 254 254 254 254 254 254 254 254 254 254 254 254 254 254 254 252 253 252 238 106  11   3   4   2  24  13   4   9  74 165 233 252 250 252 251 251 253 253 252 250 229  85   7  33 120 182 190 189 187 187 186 186 186 186 186 186 186 186 184 156 119  78 155 230
 254 254 254 254 254 254 254 254 254 254 254 254 254 254 254 254 254 254 254 254 254 254 254 254 254 254 254 254 254 254 253 252 254 247 142  20   6   4  10  40  32  12   4  10  52 121 192 226 244 249 252 252 250 233 102  11  63 156 189 187 186 186 187 187 187 187 187 187 187 187 186 184 179 147 113  89 199 237
 254 254 254 254 254 254 254 254 254 254 254 254 254 254 254 254 254 254 254 254 254 254 254 254 254 254 254 254 254 253 253 254 252 252 246 182  64   7   5   5  16  44  34  15   4   0  11  33  60  78  98 108 110  88  20  98 175 186 186 183 184 186 187 187 187 187 187 187 187 187 187 187 175 140 103 124 222 244
 254 254 254 254 254 254 254 254 254 254 254 254 254 254 254 254 254 254 254 254 254 254 254 254 254 254 254 254 254 253 249 254 253 254 251 250 239 168  97  41   7   6  16  38  43  29   5   3   1   8  21  30  31  15 100 182 187 185 186 188 188 187 186 187 187 187 188 187 187 187 185 183 166 129  94 174 232 246
 254 254 254 254 254 254 254 254 254 254 254 254 254 254 254 254 254 254 254 254 254 254 254 254 254 254 254 254 254 254 254 254 254 254 254 254 253 250 249 242 194 118  42   5   8  17  33  39  48  57  84  38   8  87 183 187 187 186 188 187 187 187 187 187 187 187 187 188 187 186 186 180 158 118 103 204 236 250
 254 254 254 254 254 254 254 254 254 254 254 254 254 254 254 254 254 254 254 254 254 254 254 254 254 254 254 254 254 254 254 254 254 254 254 254 254 254 254 251 252 252 245 185  88  15   9   2   1   6  18   4  14 166 188 187 189 188 187 187 187 187 187 187 187 187 187 188 187 186 184 176 144 110 130 221 242 249
 254 254 254 254 254 254 254 254 254 254 254 254 254 254 254 254 254 254 254 254 254 254 254 254 254 254 254 254 254 254 254 254 254 254 254 254 254 251 251 253 251 252 250 253 249 197  86  11   3   3   3   4  14 161 181 185 186 187 187 187 187 187 187 187 187 187 187 188 187 186 184 174 138 100 158 227 243 252
 254 254 254 254 254 254 254 254 254 254 254 254 254 254 254 254 254 254 254 254 254 254 254 254 254 254 254 254 254 254 254 254 254 254 254 254 254 251 253 251 252 253 252 252 253 252 242 168  51   5   6   2   5  92 166 175 178 182 188 187 187 187 187 187 187 187 187 188 187 186 184 166 133 103 191 235 245 253
 254 254 254 254 254 254 254 254 254 254 254 254 254 254 254 254 254 254 254 254 254 254 254 254 254 254 254 254 254 254 254 254 254 254 254 254 254 254 254 254 254 254 254 254 253 253 253 253 226 155 109  71  82 171 191 153 159 172 183 187 187 187 187 187 187 187 187 187 188 186 180 161 127 116 210 237 249 253
 254 254 254 254 254 254 254 254 254 254 254 254 254 254 254 254 254 254 254 254 254 254 254 254 254 254 254 254 254 254 254 254 254 254 254 254 254 254 254 254 254 254 254 254 254 253 253 253 253 253 251 249 248 249 247 219 165 158 179 188 187 187 187 187 187 187 187 186 187 185 179 156 124 143 223 241 250 253
 254 254 254 254 254 254 254 254 254 254 254 254 254 254 254 254 254 254 254 254 254 254 254 254 254 254 254 254 254 254 254 254 254 254 254 254 254 254 254 254 254 254 254 254 254 254 254 254 251 254 253 251 252 252 253 249 215 147 173 186 187 187 187 187 187 187 187 185 186 184 178 152 118 171 229 246 252 253
 254 254 254 254 254 254 254 254 254 254 254 254 254 254 254 254 254 254 254 254 254 254 254 254 254 254 254 254 254 254 254 254 254 254 254 254 254 254 254 254 254 254 254 254 254 254 254 254 254 251 253 253 253 252 252 248 231 145 170 184 187 188 189 188 188 188 186 185 187 184 174 146 118 196 233 248 252 253
 254 254 254 254 254 254 254 254 254 254 254 254 254 254 254 254 254 254 254 254 254 254 254 254 254 254 254 254 254 254 254 254 254 254 254 254 254 254 254 254 254 254 254 254 254 254 254 254 254 254 254 254 254 254 253 251 235 152 170 181 186 187 187 186 188 188 186 186 186 183 169 142 134 219 238 250 252 253
 254 254 254 254 254 254 254 254 254 254 254 254 254 254 254 254 254 254 254 254 254 254 254 254 254 254 254 254 254 254 254 254 254 254 254 254 254 254 254 254 254 254 254 254 254 254 254 254 254 254 254 254 254 254 253 251 239 159 172 183 185 183 182 181 182 183 185 185 184 181 167 134 159 230 241 251 253 253
 254 254 254 254 254 254 254 254 254 254 254 254 254 254 254 254 254 254 254 254 254 254 254 254 254 254 254 254 254 254 254 254 254 254 254 254 254 254 254 254 254 254 254 254 254 254 254 254 254 254 254 254 254 254 252 251 245 170 163 173 175 172 169 166 164 163 166 170 177 174 160 128 198 238 245 253 253 253
 254 254 254 254 254 254 254 254 254 254 254 254 254 254 254 254 254 254 254 254 254 254 254 254 254 254 254 254 254 254 254 254 254 254 254 254 254 254 254 254 254 254 254 254 254 254 254 254 254 254 254 254 254 253 253 252 251 211 152 153 150 154 153 160 158 157 146 146 158 161 148 134 227 245 250 254 254 254
 254 254 254 254 254 254 254 254 254 254 254 254 254 254 254 254 254 254 254 254 254 254 254 254 254 254 254 254 254 254 254 254 254 254 254 254 254 254 254 254 254 254 254 254 254 254 254 254 254 254 254 254 253 253 253 253 253 251 231 213 204 224 227 238 239 238 223 188 153 143 134 178 245 249 253 254 254 254
 254 254 254 254 254 254 254 254 254 254 254 254 254 254 254 254 254 254 254 254 254 254 254 254 254 254 254 254 254 254 254 254 254 254 254 254 254 254 254 254 254 254 254 254 254 254 254 254 254 254 254 254 253 253 253 253 253 251 253 250 251 250 253 250 250 252 251 249 242 227 223 245 250 252 252 254 254 254
 254 254 254 254 254 254 254 254 254 254 254 254 254 254 254 254 254 254 254 254 254 254 254 254 254 254 254 254 254 254 254 254 254 254 254 254 254 254 254 254 254 254 254 254 254 254 254 254 254 254 254 254 253 253 252 252 252 253 252 253 252 252 253 251 250 251 252 251 251 254 251 248 252 250 252 254 254 254
