 243 249 249 251 251 236 193 148 205 213 181 194 203 209 211 195 219 249 249 250 252 252 250 248 243 247 248 250 249 250 252 252 248 251 250 251 254 253 252 254 252 250 252 251 251 254 254 254 252 250 250 254 254 254 251 253 252 254 252 254
 254  29  28  22  19  25  33  21 192 192 192 190 188 187  77  37  27  38  28  22  21  23  25  52  81 214 244 233 249 243 251 251 249 252 251 253 252 253 253 252 252 251 251 250 248 251 251 248 250 249 248 243 242 241 221 221 220 196 254 249
 252  31  33  33  32  44  34 184 194 185 184 190 192 195  24  26  30  32  33  34  37  34  28  27  34 193 199 186 197 181  11  40  20  18  19  16  16  22  24  27  23  20  23  22  22  27  26  25  32  30  29  35  34  32  33  33  31  39 254 253
 250  24  27  31  33  38 129 183 200 188 195 192 184 181  39  34  33  33  35  36  28  28  28  29 104 189 189 188 184 192 185 194 126  26  37  31  32  32  32  29  30  31  30  34  39  28  33  37  32  31  30  33  32  31  35  35  34  32 254 254
 249  24  31  33  30  35 194 198 190 190 190 184 191  64  31  32  32  32  32  32  32  32  32  31 155 190 190 190 189 198 195 195 178 204  18  31  32  32  32  32  32  32  32  32  32  32  32  32  32  32  32  32  32  32  32  33  32  31 254 254
 247  25  31  33  30  16 185 187 191 190 189 198 191  23  32  32  32  32  32  32  32  32  32  31 213 190 190 191 190 199 197 185 186  21  32  43  31  31  31  31  31  31  32  32  32  32  32  32  32  32  32  32  32  32  31  32  31  41 254 254
 249  24  31  33  29  82 194 187 191 190 189 197 194  40  33  32  32  32  32  32  32  32  31  33 194 191 189 189 190 190 193 201  21  48  33  41  32  32  32  32  32  32  32  32  32  32  32  32  32  32  32  32  32  32  32  32  31  48 253 252
 249  25  34  29  36 195 198 181 190 190 189 193 155  35  32  31  32  32  32  32  32  38  34  29 187 188 186 199 191 195  85  44  32  32  32  32  32  32  32  32  32  32  32  32  32  32  32  32  32  32  32  32  32  32  32  32  32  50 251 254
 249  25  34  29  36 203 193 191 191 190 189 190  50  31  32  31  32  32  31  32  35  25  37 136 198 189 189 184 194 172  29  51  33  32  32  32  32  32  32  32  32  32  32  32  32  32  32  32  32  32  32  32  32  32  32  32  32  50 251 254
 249  25  34  29  35 184 189 185 190 190 189 193  23  34  32  31  32  32  32  32  22  37  58 196 188 192 187 193 185  28  19  42  32  32  32  32  32  32  32  32  32  32  32  32  32  32  32  32  32  32  32  32  32  32  32  32  32  50 251 254
 244  22  34  35  24 189 198 180 190 190 189 200  41  36  32  31  32  32  31  32  33  38 157 191 190 189 193 186 194  31  33  33  33  32  32  32  32  32  32  30  30  30  32  32  32  32  32  32  32  32  32  32  32  32  32  32  32  53 251 253
 245  22  34  35  24 181 190 187 191 190 190 192  24  27  32  31  32  32  32  32  31  33 185 190 190 189 185 185 200  31  32  32  32  32  32  32  32  32  32  32  32  32  32  32  32  32  32  32  32  32  32  32  32  32  32  32  32  56 252 253
 249  22  34  35  25 190 189 191 190 190 190 190  42  29  32  31  32  33  31  32  32  32 201 190 190 190 198 191  49  32  32  32  32  32  32  32  32  32  32  36  36  36  32  32  32  32  32  32  32  32  32  32  32  32  32  32  32  61 254 251
 249  23  34  35  25 203 195 188 191 190 190 198  29  30  32  31  32  32  31  33  35  34 185 190 190 190 181 201  20  32  32  32  32  32  32  32  31  31  31  20  20  20  31  32  32  32  32  32  32  32  32  32  32  32  32  32  32  63 254 251
 252  18  37  33  31 166 185 183 190 190 190 213  38  31  32  32  31  30  34  32  37 135 186 190 189 189 193  94  34  32  32  32  25  42  52  72 241 236 235 217 220 245 249  25  37  32  32  32  32  32  32  32  32  32  31  32  28 104 251 248
 252  18  37  33  31  86 195 184 190 190 189 174  30  30  32  32  33  36  27  35  74 178 188 190 189 190 190  20  24  32  32  32  33  21 250 251  44  12 101  80  33  35  91  82  27  32  32  32  32  32  32  32  32  32  31  32  28 123 250 253
 252  18  37  33  32  31 191 188 190 190 189 190 208  37  31  32  33  32  26  47 204 186 180 190 190 191 200  31  36  31  33  33  11 251  16  16 253 251 249 104 226  26  25  36  20  31  31  31  32  32  32  32  32  32  31  32  28 157 252 251
 252  18  37  33  32  41  94 195 200 191 187 196 188 192  75  22  43  40  22 170 190 190 190 192 193 199 173  41  35  31  33  32 126 244  13  38 240 250 252  24 237  34  29  36  27  32  32  32  32  32  32  32  32  32  30  32  35 158 250 254
 252  18  37  33  32  28  36  21 181 204 182 188 192 201 189 197 193 100 206 185 190 190 190 190 182 195  31  33  36  31  31  31  28  26 234 252 230  85 222 138  27  45  26  31  25  32  31  30  32  32  32  32  32  32  30  32  35 186 254 253
 252  18  37  33  32  37  44  24  32 186 191 188 195 193 182 191 186 176 184 198 189 190 190 189 192 134  23  32  30  31  31  32  38  18  32  25 116 220 158  26  18  22 100  32  38  32  32  32  32  32  32  32  32  32  30  32  35 203 254 252
 246  25  31  33  30  32  32  32  36  26 194 186 192 188 190 189 191 192 187 194 183 196 183 199 172  32  32  33  32  32  31  31  23  31  39  36  32  33  32  31  35 112 101  70  28  33  31  32  32  32  32  32  32  32  31  32  33 232 254 251
 246  25  31  33  30  32  32  32  41  31  28  47 211 194 192 191 193 188 190 189 188 200 182 187  42  25  32  32  32  32  32  32  29  29  23  32  48  86  99 100  94  88  94  99  31  33  31  32  32  32  32  32  32  32  32  32  34 240 254 252
 248  25  31  33  29  32  32  32  20  39  22  29  28  62 171 196 186 190 181 193 193 184 154 147  41  38  32  32  32  32  32  32  27  44 108 115  93  98  99  95 106  98  98 106  32  33  31  32  32  32  32  32  32  32  33  33  34 249 254 253
 251  30  31  32  32  32  31  31  32  32  32  32  32  32  31  30  31  31  31  31  30  30  31  31  32  32  32  32  31  32  32  33  37  32 103  94  96  95  95  95  94  94  93  95  20  33  31  32  32  32  32  32  32  32  30  39  31 251 254 255
 250  30  31  32  33  32  31  32  32  32  32  31  32  32  32  33  33  32  33  32  32  33  33  32  32  32  32  32  32  32  32  32  31  28  80  95  94  94  94  94  95  95  94  95  24  33  32  31  32  32  32  32  32  32  32  38  30 251 254 255
 248  30  31  32  33  32  32  32  32  32  32  32  32  32  32  32  32  32  32  32  32  32  32  32  32  32  32  32  32  32  31  31  31  35  27  98  94  94  94  94  94  95  96  98  35  32  32  31  32  32  32  32  32  32  37  35  26 251 254 255
 248  30  31  31  33  32  31  31  32  31  32  32  32  31  32  31  31  31  31  31  31  31  31  31  32  31  31  32  32  33  31  31  33  23  27 102  95  95  95  95  96  95  96  99  39  32  32  31  32  32  32  32  32  32  38  34  25 251 254 255
 252  31  32  32  31  33  32  31  32 123  41  33  48  47  31  31  32  33  33  32  33  33  32  32  31  31  31  31  31  32  32  32  29  33  29  42  91  90 100  95  96  94  94  93  87  29  34  32  32  32  32  32  32  32  33  31  20 252 253 255
 251  31  32  32  32  32  33  32  37 129  46  36  24  27  31  31  31  32  32  32  32  31  31  31  31  32  33  31  32  32  32  32  28  34  35  18 100  92  93  95  94  94  94  93 100  26  28  34  32  32  32  32  32  32  33  34  27 251 254 255
 248  31  32  32  32  32  32  32  36 164 213  41  13  39  32  32  30  31  32  31  29  34  31  32  33  32  31  31  32  32  32  32  35  37  29  38  99  93  98  94  93  95  93  92 113  30  22  26  32  32  32  32  32  32  33  36  33 251 254 255
 252  33  33  32  32  31  32  32  45 187 213 206 215 220  77  39 212 133  27 130 203  32  26  37  33  41  32  32  32  32  32  32  32  32  32  31  77  97  90  94  93  95  94  93  97  42  33  30  32  32  32  32  32  32  30  28  37 248 254 253
 253  33  33  32  32  31  32  31  39 202 198 219 211 216 216 209 217 214 205 198 217   7  80  45  28  35  32  33  33  32  32  32  32  32  32  32  22  90  99  94  94  94  94  93  96  73  31  36  32  32  32  32  32  32  31  31  33 232 254 250
 253  33  33  32  31  33  31  32  41 162  90  59  35  41  41  98 164 221 218 217 206 217 216 183 212  80  34  31  31  32  32  32  32  32  32  32  40  64  93  94  96  95  95  93  95  94  39  38  32  32  32  32  32  32  32  35  27 202 252 248
 250  34  33  32  32  32  31  32  33  32  31  32  32  32  33  32  32  26  73 214 216 215 212 213 216  72 121  23  42  32  32  32  32  32  32  32  37  27  85  89  93  92  94  94  94 106  24  36  32  32  32  32  32  32  30  32  34 186 254 254
 251  33  33  32  31  32  32  33  32  32  32  31  31  31  31  31  31  35  29  35  19 211 219 218 215  41  45  25  38  32  32  32  32  32  32  32  30  31  24  97 100  93  94  95  94  89  31  30  32  32  32  32  32  32  30  31  35 152 254 254
 252  33  33  32  32  32  33  32  31  31  30  33  32  33  32  31  31  40  27  29  25  23 213 229  27  33  29  31  32  31  32  32  32  32  32  32  30  32  28  99  93  92  94  95  94  95  30  28  32  32  32  32  32  32  30  31  35 119 254 251
 248  31  32  32  32  31  32  33  49  59  55  52  51  51  50  49  48  55  46  37  33  32  30  31  32  32  31  33  33  32  32  32  32  32  32  32  31  32  31 101  96  96  94  95  94 102  46  32  32  32  32  32  32  32  31  32  32  75 254 253
 249  31  32  32  32  31  31  32  90  85  83  86  86  86  88  88  87  87  53  28  33  37  31  31  32  31  32  31  32  32  32  32  32  32  32  32  31  31  32  89  95  95  94  94  94  95  66  36  32  32  32  32  32  32  32  32  32  65 254 253
 252  31  32  32  32  33  32  32  79  81  85  87  86  86  87  86  85  40  30  26  32  31  32  33  31  33  32  31  32  32  32  32  32  32  32  32  31  31  32  54  92  92  94  94  94  90 100  33  32  32  32  32  32  32  32  32  32  38 253 254
 251  32  32  32  32  32  32  32  62  84  93  89  89  88  86  85  83  34  26  36  32  32  30  31  31  32  33  33  31  32  32  32  32  32  32  32  31  31  33  41  92  90  94  95  94  92 105  28  32  32  32  32  32  32  32  32  32  28 252 254
 246  32  32  32  32  32  32  31  53  82  89  88  90  88  87  86  88  31  32  33  32  32  32  32  32  32  32  32  32  32  32  32  32  32  32  32  31  31  33  23  99  92  95  95  95  95 100  27  32  32  32  32  32  33  31  33  34  18 249 254
 237  32  32  32  32  32  32  31  51  82  88  88  90  88  87  86  88  31  32  33  32  32  32  32  32  32  32  32  32  32  32  32  32  32  32  32  32  31  32  25  92  90  94  95  95  96  99  27  31  32  34  34  32  31  32  33  34  19 252 252
 230  32  32  32  32  32  32  31  49  81  87  88  90  88  87  86  88  31  32  33  32  32  32  32  32  32  32  32  32  32  32  32  32  32  32  32  32  31  32  26  86  89  94  94  94  96  99  28  31  32  33  32  32  31  31  33  34  19 254 251
 213  32  32  32  32  32  33  32  41  85  91  88  90  88  87  87  85  31  32  33  32  32  32  32  32  32  32  32  32  32  32  32  32  32  32  32  32  32  33  32  55  94  94  94  95  94 102  84  45  37  22  33  32  27  32  34  33  18 252 248
 181  32  32  32  31  32  33  32  39  84  91  88  90  88  86  87  85  31  32  33  32  32  32  32  32  32  32  32  32  32  32  32  32  32  32  32  32  32  33  37  32 102  94  94  95  95  91  98  41  29  40  44  18  91  38  34  34  23 249 251
 129  32  32  32  31  32  33  32  37  83  91  88  90  88  85  86  84  31  32  33  32  32  32  32  32  32  32  32  32  32  32  32  32  32  32  32  31  32  33  26  33  93  95  94  95  93  97  94  85  53  60  88  94  97  24  37  36  31 244 255
 116  32  32  32  32  32  32  33  34  87  88  88  88  87  87  89  84  32  32  32  32  32  32  32  32  32  32  32  32  32  32  32  32  32  32  32  32  32  32  31  34  34  97 105  97  94  93  93  94  94  94  99  97  92  32  32  32  35 252 254
  86  32  32  32  32  32  31  33  32  86  87  88  89  88  88  89  62  32  32  32  32  32  32  32  32  32  32  32  32  32  32  32  32  32  32  32  32  32  32  32  33  32  99  90  93  94  95  95  94  96  95  92  98  96  32  32  32  33 254 254
  57  32  32  32  32  32  31  32  32  86  87  88  89  88  89  87  41  32  32  32  32  32  32  32  32  32  32  32  32  32  32  32  32  32  32  32  32  32  32  33  32  29  88  96  96  94  95  95  94  97  96  96  99  36  32  32  32  30 254 253
  30  32  32  32  32  32  31  33  32  90  88  87  89  89  90  87  32  32  32  32  32  32  32  32  32  32  32  32  32  32  32  32  32  32  32  32  32  32  32  32  32  32  29  94  85  97  89  91  88  99  95  96  33  35  32  32  32  35 254 254
  26  32  32  32  32  32  32  33  31  89  87  88  88  88  90  86  31  32  32  32  32  32  32  32  32  32  32  32  32  32  32  32  32  32  32  32  32  32  32  32  32  33  29  25  47  94  97 101  94  88 100  34  32  27  32  32  32  32 254 254
  55  32  32  32  32  32  32  33  30  88  87  88  88  87  88  85  31  32  32  32  32  32  32  32  32  32  32  32  32  32  32  32  32  32  32  32  32  32  32  32  32  32  32  39  29  29  34  72  94 111  46  32  27  39  32  32  32  28 254 254
 134  32  32  32  32  32  32  33  30  88  86  89  88  87  88  84  31  32  32  32  32  32  32  32  32  32  32  32  32  32  32  32  32  32  32  32  32  32  32  32  32  31  33  30  34  29  36  35  31  31  44  35  33  29  32  32  32  23 254 254
 190  33  33  32  31  33  32  32  31  85  89  89  89  88  85  79  35  32  32  32  31  31  32  32  32  32  32  32  32  32  32  32  32  32  32  32  32  32  32  32  32  32  32  32  32  32  32  32  32  32  32  31  31  32  31  32  32  21 254 254
 251  32  32  32  31  33  31  32  29  83  87  88  89  89  86  79  35  31  31  31  31  31  31  32  32  32  32  32  32  33  33  33  32  32  32  32  32  32  32  32  32  32  32  32  32  32  32  32  32  32  31  32  31  31  32  32  32  20 254 251
 252  32  32  32  32  33  32  32  29  83  87  88  89  89  86  79  34  32  32  32  32  32  32  32  32  32  32  32  32  32  32  32  32  31  31  31  32  32  32  32  32  32  32  32  32  32  32  32  32  32  32  32  32  33  32  32  32  19 254 249
 251  27  30  33  35  33  34  35  36  69  83  88  88  89  87  84  27  29  31  33  29  31  33  27  29  32  33  31  28  34  33  31  34  33  30  29  31  33  35  32  32  33  32  31  30  32  31  30  34  31  29  29  28  25  31  30  29  25 254 254
 248  31  32  32  33  34  28  26  30  65  99  93  90  88  86  83  34  34  29  26  32  33  35  30  33  36  31  33  36  43  40  36  32  29  22  20  23  30  33  37  38  40  36  31  28  35  33  32  33  29  27  36  35  33  32  31  30  21 254 250
 252 145 126  77  60  32  15  14  26  68  90  90  87  85  80  90  60  80 119 144 182 200 227 251 251 251 250 249 247 253 254 252 254 254 254 253 253 254 254 252 254 253 252 252 251 251 251 251 243 223 208 172 156 126  91  74  47  68 252 253
 254 252 252 252 252 253 252 252 252 247 243 245 246 247 247 250 252 253 253 253 254 254 254 254 254 254 254 255 255 255 255 255 254 254 254 254 254 255 255 254 254 255 254 254 255 255 254 254 254 254 254 254 254 254 252 252 252 254 254 254
